0
-6.078140731998686e-02 -7.361443743437491e-01
-6.150313905595848e-02 -7.838938049948194e-01
-5.883029784466265e-02 -7.192037981831070e-01
-6.121032024420909e-02 -7.485212604808472e-01

1
9.850480654028207e-01 -7.359569951917811e-01
8.967092757054484e-01 -7.642226584802201e-01
8.422366434552574e-01 -7.065844440431942e-01
7.051188832961881e-01 1.064079475342509e+00

2
3.317545654386613e-01 -3.872130211921765e-01
3.732120921249663e-01 -4.314121017571468e-01
3.296380613937353e-01 -3.851964311267441e-01
-2.901965802867490e-01 3.441678032545080e-01

3
9.110574695398839e-02 -4.653602067311076e-01
1.125541619091098e-01 -4.362145366457784e-01
9.926082169764297e-02 -4.087752256066368e-01
-4.897403874302607e-01 -6.990128301304512e-02

4
-3.561240780245480e-01 -4.231711729469622e-01
-3.746823758145412e-01 -5.257825035411330e-01
5.854801493650231e-01 -3.839257212363577e-01
-3.417014276422174e-01 -4.168503737085797e-01

5
-1.119788060539989e+00 -1.136516788916144e+00
-1.008313924804859e+00 -1.167899534114826e+00
1.331443109545444e+00 -9.476270680620200e-01
1.184142391921454e+00 -1.174196377687828e+00

6
1.423440786014149e-01 -7.017770840483892e-01
1.896118193089296e-01 -7.648543443636346e-01
7.681115622284421e-01 2.021307284598406e-01
-1.040043575784491e-01 6.650055187435189e-01

7
-1.036398807301233e-01 -4.741591654758332e-01
-9.807392060805456e-02 -4.671345434720762e-01
5.110930467018332e-01 -9.548104294631418e-02
-5.117026639154179e-01 1.376783193954208e-01

8
-1.024517107341195e+00 -3.151983844405010e-01
-1.050181638641618e+00 -3.244045880386640e-01
1.050762985453895e+00 3.246662513432502e-01
-9.915727820354858e-01 -3.030332335573634e-01

9
-7.197880494694140e-01 1.977907367717674e+00
-5.896731778275343e-01 1.874031671896676e+00
5.614731795897410e-01 -1.826131375364031e+00
-2.108310876350758e+00 -8.159214766884638e-01

10
1.279019376699853e+00 -1.054719673355236e+00
1.385464086314005e+00 -1.134612540079097e+00
-1.370543448760594e+00 1.123985464022688e+00
-1.176832418854088e+00 9.794980677144273e-01

11
-2.253809549651140e-01 -8.556457974974246e-01
-1.815022750515236e-01 -8.013527147258511e-01
1.736285436247670e-01 7.784398512401129e-01
-9.169510917423238e-01 2.545648029618845e-01

12
1.684366399060159e+00 -1.672374734210923e+00
1.856917914961203e+00 -2.097456366936171e+00
-2.344755531642814e+00 -1.948839850377465e+00
1.616019462182451e+00 -1.657968504714805e+00

13
1.009504384786880e+00 4.569058158786664e-01
9.998172376668414e-01 4.386431614031558e-01
4.653480538873654e-01 -1.097443044411786e+00
-5.583694008946626e-01 1.066642634495029e+00

14
6.021902881122290e-01 -1.975443794501286e-01
6.575788494198876e-01 -2.405331873207863e-01
-2.522688961468237e-01 -6.610596722682752e-01
-5.694723253699573e-01 1.627297905344336e-01

15
4.370396044817669e-01 -7.224573731311033e-01
3.742184229413758e-01 -7.337969062642429e-01
-8.162695332724317e-01 -3.309979400506524e-01
-7.510015202428720e-01 -4.634289286626745e-01

16
-4.643451516178378e-01 -3.169108178775745e-01
2.947162760277576e-01 -3.256175183844089e-01
-4.810868208951297e-01 -1.630410083029533e-01
-4.644265233824779e-01 -3.335431842349003e-01

17
-5.455598351059526e-01 -9.515752862523352e-01
8.204927031811550e-01 -6.447329668816177e-01
-8.601457019108273e-01 -8.205008345768042e-01
9.298886599681468e-01 -4.036678167577968e-01

18
-1.016899621045581e-01 -6.667926819479256e-01
6.742348144811753e-01 -4.885543176931299e-02
-1.632886470748142e-01 -7.208843136742478e-01
1.267688833863065e-01 6.176131537253918e-01

19
-1.996522000244593e-01 -4.084073537366549e-01
3.832424418048444e-01 -1.579412998779289e-01
-1.845244602308578e-01 -3.407108050239998e-01
-3.984122069318253e-01 2.010402788944507e-01

20
-3.151812715108862e-01 -1.641441438779328e-01
1.496931456374536e-01 -3.008483685727337e-01
1.776750405997007e-01 -3.388566601068775e-01
-3.081260567970476e-01 -1.616505434299528e-01

21
-4.640512330270007e-01 -1.929036500789335e-01
1.800764965140842e-01 -4.749519997168762e-01
2.249248761441612e-01 -5.168683544232121e-01
1.687735268590480e-01 -4.386198469071961e-01

22
-3.953676777358943e-01 -4.219259341911369e-01
4.139646709671558e-01 -3.457783083975080e-01
4.969941692833999e-01 -3.889060911629394e-01
4.222768125333196e-01 4.034943175240809e-01

23
-2.436961252978339e-01 -2.735054788409751e-01
2.479018608111539e-01 -2.444020648455043e-01
2.845513694060934e-01 -2.346656432601986e-01
-2.758916316930695e-01 2.445432208096779e-01

24
-4.013567600947612e-01 -6.334785173241238e-02
6.608489039666676e-02 -3.810614691092886e-01
4.117389380777126e-01 1.958307549881187e-02
-4.028710521709931e-01 -5.996269333528460e-02

25
-5.939052774199475e-01 6.235546506138459e-02
-1.099071386057731e-01 -5.962238763366626e-01
6.472976527063663e-01 -1.776287722396980e-01
-1.719060813292639e-02 -5.905327680068554e-01

26
-7.575390207953469e-01 -3.112695224703500e-01
3.314831063655994e-01 -7.792218764651305e-01
8.661105385438829e-01 3.035933570174834e-01
7.175738771990630e-01 2.916285166604514e-01

27
-3.998539550358994e-01 -2.512465077705130e-01
2.516857451974121e-01 -3.967827841176554e-01
4.293876491388814e-01 2.321428470639571e-01
-2.503625198131950e-01 3.858563492923707e-01

28
-5.819211164648569e-01 -1.654433342596534e-01
2.377132970314774e-01 -5.516113798985428e-01
-1.789848538910563e-01 5.482470937583531e-01
-5.949563147988984e-01 -1.723017546990466e-01

29
-1.498033102619507e+00 3.746368965519586e-01
-3.836879441720993e-01 -1.503044102427912e+00
5.200860454441418e-01 1.627233484475515e+00
-2.165180940444834e-01 -1.438436228599818e+00

30
-3.414553084290819e-01 -1.819419507637188e+00
1.952124640731603e+00 -1.817476046188543e-01
-2.153182144478441e+00 3.062495719260823e-01
3.870275705512661e-01 1.717405538715041e+00

31
-3.553878736716749e-01 -5.748077809263721e-01
6.062016742926607e-01 -3.339063588493884e-01
-6.736809651258565e-01 3.164953268949334e-01
-5.543712230533665e-01 3.389416505306877e-01

32
-6.039676299272246e-01 -1.609146071812069e-02
5.824569119268648e-01 1.350007848659190e-02
-6.544176754513780e-01 -2.005628868044818e-02
-5.947698430859624e-01 -1.527894936683061e-02

33
-6.159934606070466e-01 4.298345308049697e-01
6.661822844477552e-01 -4.278148378684203e-01
-6.183389254012468e-01 3.121410838712202e-01
-4.487226277450667e-01 -6.251605154905224e-01

34
-3.246642374837486e+00 -9.427778762511785e-01
3.023072369802664e+00 8.635181844954863e-01
-2.994688888464131e+00 -8.568911429937465e-01
3.274737880955211e+00 9.515658994233712e-01

35
-6.787264026279858e-01 -3.936555317733149e-01
7.322773570806920e-01 3.942923076347523e-01
-6.932040708493477e-01 -2.725788506804394e-01
-4.146189863666783e-01 6.869066519828969e-01

36
-3.715525062728101e-01 4.552223309858078e-02
3.968011680619587e-01 -5.282185303691705e-02
1.770793574836080e-03 -3.024119417475908e-01
-3.782233598816730e-01 4.987767273599155e-02

37
-4.440843175585819e-01 2.817662300928316e-01
4.723864169952773e-01 -2.640288864667463e-01
-2.130247167044303e-01 -2.281600024457010e-01
-2.981200545084583e-01 -4.651696396928943e-01

38
-9.193167177790444e-01 -2.877780982300387e-02
8.699438224185944e-01 -3.620717868389520e-02
-7.010435895753998e-02 -7.762209502493742e-01
9.494608311401362e-01 3.714556408130470e-02

39
-4.647301119568331e-01 -1.344220957303459e-01
5.015086919795515e-01 1.183142293861039e-01
1.005649561864823e-01 -3.971386696840430e-01
-1.408894133160824e-01 4.812008022298205e-01

40
-3.341718889338268e-01 1.427308775235907e-01
3.476122841791706e-01 -1.474851560860556e-01
3.177513114164541e-01 -1.373854938283746e-01
-3.390465714558841e-01 1.444723283847082e-01

41
-2.880915024892673e-01 2.722437874092261e-01
2.922639927602553e-01 -2.804741351177579e-01
2.694688020215948e-01 -3.224048559573438e-01
-2.685455322291558e-01 -3.051263489217212e-01

42
-4.437069527920620e-01 3.966013743639784e-01
4.723937517503070e-01 -4.191899779631338e-01
5.248285026278470e-01 -4.612928160996793e-01
4.141352073627626e-01 -3.739200086559969e-01

43
-5.334952187114522e-01 1.166359016605587e-01
5.455562990489398e-01 -1.142968553213182e-01
5.677635324133673e-01 -4.965981740905855e-02
1.373186616171190e-01 5.454812069945653e-01

44
-4.229158126931158e-01 2.389341630088394e-01
4.565701135065449e-01 -2.477832689049930e-01
2.499838951239930e-01 3.147823996512711e-01
-4.334934112149857e-01 2.385708050535685e-01

45
-2.579605508534079e-01 4.632960090837179e-01
3.006859524000837e-01 -4.750019422885742e-01
3.906551337022852e-01 2.204430525576065e-01
-4.797950011183926e-01 -2.677256687463481e-01

46
-2.147921786515909e-01 1.311805341173065e+00
2.829993965623840e-01 -1.217127233364496e+00
1.075956738238240e+00 2.922800888102255e-01
2.143724064253062e-01 -1.355903955528395e+00

47
-8.184961233584901e-01 -3.974877394558678e-02
8.468120315696293e-01 -1.455062961594330e-03
-5.897330173268676e-02 4.590927256884471e-01
-4.855157471959846e-02 8.597298703197568e-01

48
-1.431245343455823e+00 8.205728383201899e-02
2.514418312964039e-01 1.126548331525375e+00
-1.242114931477796e+00 -2.745308162574774e-01
-1.455633786141376e+00 1.170836401579072e-01

49
4.050486059415984e-01 1.040274798677582e+00
9.267189788941105e-01 -4.411647492826891e-01
3.209936239094128e-01 8.941429836430473e-01
-1.023365806419601e+00 3.862289754661509e-01

50
9.734951471005947e-01 9.387697258614801e-04
-7.580950565199755e-02 -9.793975999140028e-01
1.055245592685334e+00 8.519632637358579e-02
-9.035467371322767e-01 -3.877057609301899e-02

51
4.439345145429591e-01 -9.959948679123911e-01
-8.674178986766869e-01 -5.424068738793691e-01
7.575502223265741e-01 -8.727585357087421e-01
-9.764740499947928e-01 -3.064070442122097e-01

52
-7.352893431702637e-01 2.111759016176048e-01
3.063688329206533e-01 7.062095121112808e-01
-2.324478808820007e-01 -6.931740538709269e-01
-7.528675847286811e-01 2.182874673115239e-01

53
-4.822459721519963e-01 9.067753985396007e-01
9.570782613608046e-01 4.534959508471697e-01
-1.059171307992708e+00 -4.313872823705293e-01
-8.769557075051393e-01 -4.547409923028133e-01

54
2.098875648247804e+00 4.479294911723775e+00
4.578455520797131e+00 -2.638112081976056e+00
-5.207921316135113e+00 2.624413483737088e+00
-1.861495187783008e+00 -4.297408578472666e+00

55
-1.114580100681225e+00 -9.334065833661751e-01
-9.470793689619017e-01 1.112802966071780e+00
1.120009447783560e+00 -1.146577509198653e+00
-7.786153259682456e-01 1.148194229284208e+00

56
-4.031952410231634e-01 4.779325587027740e-01
4.637772324583038e-01 3.749517773428239e-01
4.556403245470191e-01 -4.314540237144952e-01
-4.079160488474662e-01 4.750451304944397e-01

57
-7.809138014824105e-02 5.223765173372221e-01
5.203296078341358e-01 7.535521765829972e-02
1.168640525984396e-01 -5.292144476504566e-01
-5.110937088737038e-01 -6.724121275910061e-02

58
2.102699444530133e-01 7.635548643751555e-01
7.876555163715858e-01 -2.245255472880084e-01
-1.804924461411405e-01 -8.638935444312965e-01
-2.011888724565395e-01 -7.222827482569837e-01

59
-6.768131438925186e-01 1.679032172937367e+00
1.628628683090028e+00 8.146046556893483e-01
1.066533308590473e+00 -1.699047057648682e+00
1.721500533253572e+00 5.498874860906012e-01

60
-8.894956255627888e-02 9.557577606682872e-01
9.009974652179442e-01 9.576641689425414e-02
1.031656100998884e+00 1.002781074041234e-01
-8.203446806905035e-02 9.364593852392730e-01

61
1.934447061058580e-01 5.262654847899033e-01
5.047491352334996e-01 -1.601423256951243e-01
5.247000939074463e-01 -2.158186425147248e-01
-5.296315194686941e-01 1.954293247016990e-01

62
4.922977660125646e-01 4.075659383219800e-01
3.519326238334569e-01 -4.863246271667820e-01
4.025044637748528e-01 -5.765564722745919e-01
-4.701820734498284e-01 -4.372490944415929e-01

63
1.151148511110499e+00 7.510042667856964e-01
7.933467250835353e-01 -1.136159891238297e+00
8.352273704897603e-01 -1.301384959717178e+00
7.197260107568546e-01 -1.058736256314104e+00

