32                                               

2.828966801804318e+00 1.754152378907747e-13
3.171113782852851e+00 -1.822986206434507e-13
1.141859950036045e+00 -2.658429032464937e-13

-1.601212219968378e+00 -4.019007349143067e-14
-2.545626406061790e+00 -6.616929226765933e-14
2.724247863756780e+00 4.485301019485632e-14

2.621900350625840e+00 -7.935874180020619e-13
2.538658249380643e+00 8.046896482483135e-13
-2.307995498410944e-02 3.446500029813393e-12

-4.587004391756063e-01 -3.413935800722356e-15
-9.340271522886350e-01 -4.107825191113079e-15
1.423272599242241e+00 2.942091015256665e-15

1.127789689813338e+00 -3.582689700465380e-13
-1.071766790176311e+00 3.776423618262470e-13
6.137436218887232e-01 2.942091015256665e-15

2.346538208742700e+00 7.223110998211268e-13
-1.567258099839127e+00 2.433608869978343e-13
-5.529105571576856e-01 -1.018629625093581e-13

-1.126590461252113e-01 -4.531271191599018e-12
-2.648560777755423e-01 -4.794834668198078e-12
1.194382853789749e+00 1.356373346972362e-12

-1.203521917166594e+00 -7.327471962526033e-14
2.858914872889660e+00 -9.814371537686384e-14
-2.034388089743643e+00 1.201261312644419e-13

2.816453309141234e-01 -5.037636974236648e-15
1.041485207684405e-01 -7.424616477180734e-15
4.241840166542948e-01 5.606626274357041e-15

-9.267005440125837e-01 9.610645612667668e-13
-1.892768685514183e+01 4.977085410473592e-11
3.029211718190870e+01 -8.744116541947733e-11

6.242626141546134e-02 -1.857888842771160e-14
-7.556308155765888e-01 2.803313137178520e-15
7.349508590017233e-01 2.450817326860033e-14

9.691741517436849e-01 5.107025913275720e-15
-2.793996035505023e+00 -1.332267629550188e-15
2.891079140990913e-01 -7.077671781985373e-16

-1.727656622946472e-01 9.039935466859106e-12
-3.183563865381976e-01 6.581825362506066e-12
1.227902685784094e+00 -7.039813176845655e-12

-9.286392324148035e-01 -8.770761894538737e-15
2.684139929157923e+00 4.773959005888173e-14
1.823787052369593e-01 1.851296893562449e-14

-1.006208711683743e+00 -1.186828413324292e-13
1.403869509960544e+00 1.495470414170086e-13
-2.958398703678888e-01 1.562500129281830e-13

-3.947646185800264e+00 2.302602553072575e-13
1.539357736631899e+01 -8.526512829121202e-13
6.213073506994536e+00 -3.996802888650564e-13

-4.322791141334059e-01 -6.505213034913027e-14
-4.783740254035897e-02 -1.485573816739638e-13
4.665442642039651e-01 -3.804595527512333e-14

1.120254610457582e+00 -1.147582029403793e-12
-2.819003211425861e+00 -4.408473586181572e-12
2.621664934059844e-01 3.648789603794000e-12

5.438314655962205e+00 -5.178080186851730e-13
-3.826257733808241e+00 3.832489881006040e-13
-7.548725630791352e-01 2.975397705995420e-14

-1.085825397453898e+00 6.337153024560394e-13
-4.459042655290526e-01 3.833600104030666e-13
-1.022566502290331e+00 6.599165658371930e-13

-1.840530596778874e+00 -1.714850483836017e-12
-2.600380305256341e+00 5.497824417943775e-13
2.430182250210492e+00 -3.547384608282300e-12

5.245594650107158e-01 -4.765632333203484e-14
-1.210845623507369e+00 1.385558334732195e-13
1.947003728010344e-02 6.341281666433218e-14

-1.136533576079390e+00 -2.876088256442699e-12
-3.742429476199744e+00 1.349786948878773e-11
5.358334644858369e+00 -2.376587815433595e-11

-6.412848014011768e+00 -4.130029651605582e-14
-1.402489647078491e+00 -2.908784324517910e-14
-1.548118640193703e+00 3.330669073875470e-16

-7.538744680275344e+01 -1.705302565824240e-13
6.618326819929977e+01 1.421085471520200e-13
-1.465524866888883e+01 -2.664535259100376e-14

-6.758622911635218e-01 -2.220446049250313e-16
3.043202030711530e+00 1.665334536937735e-14
-3.301244392106768e+00 -2.375877272697835e-14

-7.404771074173211e-01 -9.560685576559536e-13
-1.495989566412921e-01 -5.919362222606139e-13
-6.427254443275905e-01 -9.861556016232953e-13

-3.361551465822469e+00 0.000000000000000e+00
4.203602198874513e+00 2.220446049250313e-16
-2.121535763505223e+00 -1.110223024625157e-16

-7.760206942928101e-01 1.484229406045756e-13
2.585330200427485e-01 -1.572839081198651e-13
1.084344775483045e+00 -3.869127240818671e-14

1.412126058323696e+00 4.299616218617075e-13
-2.185448825007757e+00 5.552502901906564e-13
-2.191663153250659e-01 -3.760828454213438e-13

-1.636591470013339e+00 3.808731108279062e-11
-2.697283936134222e+00 -2.568856238838180e-11
2.921036007110723e+00 1.067872457127805e-10

-5.939368979170183e-01 7.176481631177012e-13
-4.651101295272190e+00 8.095746295566641e-13
-1.854196381736562e-01 9.520162436160717e-14

