44                                               

-5.289371514253018e-01 3.293155363149543e+00
-1.891108571988251e+00 7.402490908138242e-01
-4.518730566467832e-01 3.311421174630733e-01

2.269898872005800e-01 2.130174781605389e-01
-1.703558301370554e-03 9.427189676755350e-01
-1.234394215556786e-01 1.167396834019505e+00

1.101490930598095e+00 8.413194438714352e-01
-1.724317676317168e+00 6.848745676446470e-01
-6.356900591325205e-01 -3.963140477435531e-01

5.722279703317844e-01 -2.872163046773735e-02
-2.270865810766631e+00 4.336543433463619e+00
-1.519463985118816e+00 -4.510524983419690e+00

-7.255776313776320e-02 -5.568357603868302e-01
-8.363853008115244e-01 -3.733011368974405e-01
2.128818080843474e-01 1.056056381915789e+00

2.346538208742700e+00 7.223110998211268e-13
-1.567258099839127e+00 2.433608869978343e-13
-5.529105571576856e-01 -1.018629625093581e-13

-7.255776313789022e-02 5.568357603869430e-01
-8.363853008110630e-01 3.733011368972505e-01
2.128818080841920e-01 -1.056056381915758e+00

-5.289371514263557e-01 -3.293155363149069e+00
-1.891108571988473e+00 -7.402490908136458e-01
-4.518730566466254e-01 -3.311421174634329e-01

5.722279703326959e-01 2.872163046582954e-02
-2.270865810768163e+00 -4.336543433470725e+00
-1.519463985126477e+00 4.510524983420853e+00

1.101490930599256e+00 -8.413194438706534e-01
-1.724317676317805e+00 -6.848745676442110e-01
-6.356900591318578e-01 3.963140477433110e-01

2.269898871997376e-01 -2.130174781606872e-01
-1.703558302160846e-03 -9.427189676751894e-01
-1.234394215558153e-01 -1.167396834019171e+00

-1.126590461252113e-01 -4.531271191599018e-12
-2.648560777755423e-01 -4.794834668198078e-12
1.194382853789749e+00 1.356373346972362e-12

-1.203521917166594e+00 -7.327471962526033e-14
2.858914872889660e+00 -9.814371537686384e-14
-2.034388089743643e+00 1.201261312644419e-13

-9.267005440125837e-01 9.610645612667668e-13
-1.892768685514183e+01 4.977085410473592e-11
3.029211718190870e+01 -8.744116541947733e-11

-4.148898673267074e-02 2.497403559032282e-01
-3.822145527490814e-01 3.164899089546684e-01
7.968561393428384e-01 -1.140436644526384e-01

1.950968347567366e-01 2.703524501083428e-01
-2.394713665551698e-01 8.583339183906230e-01
-9.664942557021303e-02 5.821842233828902e-01

3.666784607318743e-01 2.955428547776218e-01
-5.038983884717797e-01 1.486678188645696e+00
-1.313469477106675e+00 2.114542407262471e-01

-2.124555143011841e-01 3.771278136907646e-01
-6.280465337596060e-01 1.555699366135072e-01
1.049204713751827e+00 -7.252651070348788e-01

3.265732009749093e-01 1.250364778411414e+00
-1.454296944886623e+00 5.730869574938087e-01
-1.143807773762758e+00 -4.627158123304089e-01

-1.727656622946472e-01 9.039935466859106e-12
-3.183563865381976e-01 6.581825362506066e-12
1.227902685784094e+00 -7.039813176845655e-12

-4.644970491814383e-01 1.610137439730364e+00
-1.668630496333075e+00 3.281485087648335e-01
-1.828371463124385e+00 8.737865115869439e-01

-9.527528499300761e-01 1.251901254790214e-01
9.678177165593210e-01 -7.380914843205421e-01
2.347220732890232e-01 9.088014112082561e-01

-1.006208711683743e+00 -1.186828413324292e-13
1.403869509960544e+00 1.495470414170086e-13
-2.958398703678888e-01 1.562500129281830e-13

1.120254610457582e+00 -1.147582029403793e-12
-2.819003211425861e+00 -4.408473586181572e-12
2.621664934059844e-01 3.648789603794000e-12

-8.905429834795229e-01 3.514509669188681e-01
-5.054841531572087e-01 -1.644622817574597e+00
2.120041144310730e+00 2.274325523557925e+00

-1.966156259606344e+00 -1.140020811555168e+00
-2.318796855691064e+00 -7.501842861946773e-02
1.107138883638711e+00 -1.243441647105082e+00

-1.840530596778874e+00 -1.714850483836017e-12
-2.600380305256341e+00 5.497824417943775e-13
2.430182250210492e+00 -3.547384608282300e-12

-9.429096418242895e-01 1.599771263443172e+00
-1.851272862841530e+00 2.177159176766161e-01
-9.452578874875311e-01 1.939815119489358e+00

-1.632212518524647e+00 -2.651657299097006e-01
-2.232415554106685e+00 4.599303621237266e-01
4.092914630111548e+10 1.580025487842881e+10

-1.609612907010008e+00 -2.831188850220607e-01
-2.248512889693830e+00 4.450330374977062e-01
2.539474930260412e+10 3.585747005028752e+10

-1.136533576079390e+00 -2.876088256442699e-12
-3.742429476199744e+00 1.349786948878773e-11
5.358334644858369e+00 -2.376587815433595e-11

-1.966156259605837e+00 1.140020811555429e+00
-2.318796855690865e+00 7.501842861945640e-02
1.107138883638422e+00 1.243441647105778e+00

-8.905429834800069e-01 -3.514509669184472e-01
-5.054841531575782e-01 1.644622817573880e+00
2.120041144311809e+00 -2.274325523556601e+00

-7.760206942928101e-01 1.484229406045756e-13
2.585330200427485e-01 -1.572839081198651e-13
1.084344775483045e+00 -3.869127240818671e-14

1.412126058323696e+00 4.299616218617075e-13
-2.185448825007757e+00 5.552502901906564e-13
-2.191663153250659e-01 -3.760828454213438e-13

-9.527528499301003e-01 -1.251901254789372e-01
9.678177165596131e-01 7.380914843200772e-01
2.347220732886663e-01 -9.088014112076729e-01

-4.644970491815125e-01 -1.610137439730275e+00
-1.668630496333094e+00 -3.281485087647504e-01
-1.828371463124671e+00 -8.737865115871897e-01

-1.636591470013339e+00 3.808731108279062e-11
-2.697283936134222e+00 -2.568856238838180e-11
2.921036007110723e+00 1.067872457127805e-10

3.265732009742835e-01 -1.250364778411704e+00
-1.454296944886254e+00 -5.730869574925198e-01
-1.143807773761685e+00 4.627158123301158e-01

-9.429096418245335e-01 -1.599771263443275e+00
-1.851272862841639e+00 -2.177159176766465e-01
-9.452578874867370e-01 -1.939815119489182e+00

-4.148898673297899e-02 -2.497403559029044e-01
-3.822145527488817e-01 -3.164899089539738e-01
7.968561393441848e-01 1.140436644526759e-01

-2.124555143016730e-01 -3.771278136893784e-01
-6.280465337598345e-01 -1.555699366133740e-01
1.049204713752123e+00 7.252651070313124e-01

3.666784607314746e-01 -2.955428547781180e-01
-5.038983884722189e-01 -1.486678188644793e+00
-1.313469477106278e+00 -2.114542407255652e-01

1.950968347565606e-01 -2.703524501084021e-01
-2.394713665554138e-01 -8.583339183900756e-01
-9.664942556927580e-02 -5.821842233820079e-01

