62                                               

3.759979426415924e-01 -4.382048153917270e-02
1.267581428498785e+00 2.397448963033251e+00
-5.670945081211689e+00 1.509635819172474e+00

4.293786944151600e-02 3.862248846367595e-01
4.427608624266032e-02 4.768807236966262e-01
-6.308867796909983e-01 -2.949424304903409e-01

2.558947598826935e-01 -1.671132865378501e+00
-1.085870946846559e-01 -8.851982728840087e-02
-3.625408057089681e-01 5.296900953689561e-01

-5.426811756728439e-01 3.581841973002377e-01
-8.137842535355345e-02 -5.547744129750133e-02
2.338547033536230e-01 1.145954400024549e-01

2.619365178643793e+00 1.678638594454454e-01
-2.930977363114827e-01 3.077170174033170e+00
3.506307478305909e-01 2.622696121119405e-02

1.932940025076735e+00 -3.306472040609520e-10
2.891292571923448e-02 -1.842576872329582e-11
-1.207389637766909e+00 1.219957468379107e-10

-9.299531818210971e+00 -4.653356866742760e+00
5.675044546394264e-02 -4.872498744432006e-01
-1.205303989645349e+00 3.138111260714038e+00

4.293786944149147e-02 -3.862248846367355e-01
4.427608624262927e-02 -4.768807236966007e-01
-6.308867796909671e-01 2.949424304903361e-01

2.058213585153071e-01 -3.879570276144051e-13
-2.032022119684514e-02 2.322773050289495e-14
-5.219258620636922e-01 2.333688797762079e-13

2.510150637520675e-02 -9.571510251049631e-14
-7.526318487563177e-02 7.863848461298062e-14
-3.444652606372877e-01 5.723199691942682e-14

-1.074983560727770e-03 -1.090842910791978e-14
1.414985544035078e-04 1.683284859155948e-15
5.000410682875913e-01 -4.329869796038111e-15

-2.590968137515175e+00 4.065618022832076e+00
-2.376549473900196e-01 4.785934196891306e-01
3.439719761309064e-01 -2.794919316475201e+00

1.705136593893015e+00 7.277511926417901e-14
-2.752619719619904e-03 8.553162518520896e-15
-9.894110458560867e-01 -5.788425294639410e-14

-3.793739976060110e-01 -4.154473333174259e-01
-1.199356404823354e-01 -5.527323955125491e-02
-2.412955143384551e-01 -4.688718155918295e-02

-3.108744825625193e-01 1.247611980833426e+00
-1.698673238044519e-01 1.958020695987536e-02
9.055764688667050e-01 1.133230998465162e-02

7.300583373197920e-01 5.900694231928340e-01
-3.631032060758631e-02 1.813896712895836e-02
-7.837701785453282e-01 -2.084106640659466e-01

7.300583374547240e-01 -5.900694230121224e-01
-3.631032059577790e-02 -1.813896712502591e-02
-7.837701785812851e-01 2.084106640095215e-01

-4.882580216745092e-01 -4.356742961144019e-02
4.378836834587870e-01 -1.019111979732551e+00
-7.384329323975745e-01 -5.619985800653055e-01

-5.418238225681753e-01 -6.717181305442643e-02
3.192035281158296e-01 4.140356245202772e-01
7.630611740298388e-02 3.267337476892249e-01

-5.426811756728435e-01 -3.581841973002267e-01
-8.137842535355233e-02 5.547744129749949e-02
2.338547033536194e-01 -1.145954400024440e-01

4.359425295864422e-02 1.029638305679609e+00
-1.083881778957650e-01 1.026537663870943e-02
-8.944500195578069e-01 -2.575943927829799e-02

2.558947599079471e-01 1.671132865439449e+00
-1.085870946828191e-01 8.851982729513619e-02
-3.625408057199743e-01 -5.296900954221272e-01

-1.147736364316848e+00 1.321431112307331e-01
-5.344338678991249e-01 -4.382171230625454e-01
7.195909391563630e-01 1.545615711578542e-01

-1.780158295855279e-01 1.198585230406004e+00
-1.473169563947348e-01 1.826867411229731e-02
2.662109080206410e-01 7.827746148838568e-01

-3.793739976069895e-01 4.154473333179520e-01
-1.199356404823001e-01 5.527323955137744e-02
-2.412955143380310e-01 4.688718155930080e-02

-1.277136233968765e-01 -9.797224738075966e-02
-1.439481043771695e-01 1.112934547204893e-01
-3.627549861039546e-01 -1.565332920143733e-02

2.619365178644722e+00 -1.678638594488917e-01
-2.930977363152738e-01 -3.077170174034468e+00
3.506307478307276e-01 -2.622696121172424e-02

-1.581481380354723e-01 1.179622037550295e+00
-1.434730573548580e-01 1.660584969009950e-02
3.845269472085616e-02 9.020582085447515e-01

-1.241225249413391e+01 -4.759499461215455e-10
2.797577952317558e-03 -4.111931736945629e-11
-1.002144666114516e+00 2.695247358630581e-10

6.319017388641658e+00 3.790989744345552e-11
-3.030768872049798e+00 -1.370903390807143e-11
-3.014979887719430e+00 -1.469213639637701e-11

-2.484226164664295e-01 7.324515843876199e-02
-1.257843823279373e-01 -1.803386271582717e-01
-3.057295297961197e-01 -6.260913528547320e-02

-4.882580216704850e-01 4.356742961178817e-02
4.378836834667208e-01 1.019111979741749e+00
-7.384329324176508e-01 5.619985800791479e-01

-1.728770506293571e+00 -2.089328710042082e-12
-2.869131430978905e-04 1.751819175832559e-13
-9.971117424662990e-01 -1.782740621791845e-12

-9.299531817690252e+00 4.653356866311527e+00
5.675044551098871e-02 4.872498744646289e-01
-1.205303989915797e+00 -3.138111260872832e+00

-3.229691447151949e-01 -1.677974280917243e+00
-1.794728438561868e-01 -8.416414299250531e-02
2.282488486567919e-01 6.205849494362541e-01

-1.364470555095650e+01 3.462830022726848e-11
-9.499463846419209e-02 2.845140789631273e-12
-3.661178082364011e-01 -1.846303665509197e-11

-5.659309661689093e-01 1.446181013301882e+00
1.082905223064568e+00 7.601996975333501e-01
-3.050385100008908e-01 -8.423740357167080e-01

-9.727731486288409e-01 2.675944034702650e-01
-5.772014448400287e-01 9.619142765766293e-01
2.161452725643594e-01 -9.167014442947028e-01

-1.147736364316296e+00 -1.321431112348138e-01
-5.344338678967503e-01 4.382171230594127e-01
7.195909391559753e-01 -1.545615711513075e-01

-3.229691447637550e-01 1.677974280990638e+00
-1.794728438630387e-01 8.416414300281733e-02
2.282488486611535e-01 -6.205849495347888e-01

-2.484226164664814e-01 -7.324515843843440e-02
-1.257843823279485e-01 1.803386271582675e-01
-3.057295297959250e-01 6.260913528518569e-02

-4.213134868986494e-01 7.014176413736029e-01
-1.397053676385520e-01 -9.234402372038145e-02
1.882677429276319e-02 -9.036046573636729e-01

-5.467908770679539e-01 -2.876739142642664e-02
7.013488593658741e-01 1.911283660331149e-01
6.220869502845967e-01 3.347722060104775e-01

-9.727731486295679e-01 -2.675944034718524e-01
-5.772014448420243e-01 -9.619142765780559e-01
2.161452725653704e-01 9.167014442991903e-01

-5.362319148066621e-01 -9.474514176142079e-02
2.462197453372513e-01 -1.046373441357769e+00
-7.201544621703166e-01 -1.911051419556409e-01

-5.418238225693659e-01 6.717181305262329e-02
3.192035281213326e-01 -4.140356245298630e-01
7.630611739939802e-02 -3.267337476968026e-01

-5.467908770680937e-01 2.876739142676457e-02
7.013488593666208e-01 -1.911283660358022e-01
6.220869502845674e-01 -3.347722060153557e-01

-5.659309661688543e-01 -1.446181013301773e+00
1.082905223064493e+00 -7.601996975333066e-01
-3.050385100008978e-01 8.423740357166346e-01

-1.277136233968723e-01 9.797224738075593e-02
-1.439481043771673e-01 -1.112934547204912e-01
-3.627549861039581e-01 1.565332920143850e-02

-1.825452024593719e-01 1.665334536937735e-16
2.279378813851972e-01 -2.997602166487923e-15
-1.811772244655694e-01 -8.743006318923108e-16

-3.108744825641926e-01 -1.247611980835356e+00
-1.698673238047571e-01 -1.958020695986679e-02
9.055764688679979e-01 -1.133230998125795e-02

-1.535642876824218e-01 2.244648911187141e-12
3.411577863133491e-02 -7.971887039381897e-13
-2.499765798649752e-01 -1.993724629834048e-12

-5.362319148052598e-01 9.474514176128174e-02
2.462197453403598e-01 1.046373441359482e+00
-7.201544621749465e-01 1.911051419603129e-01

-8.724269829017510e-01 -2.629833378966798e-01
-2.703741094683184e-01 3.942965964802725e-01
3.808461686323086e-01 1.295442824514868e-01

-7.617643996689634e+00 -3.830316619435337e-11
7.204063137656338e-01 -1.044423141721706e-11
-6.257031215176587e+00 8.886975183530765e-11

-2.590968137050553e+00 -4.065618022830797e+00
-2.376549473717456e-01 -4.785934196437978e-01
3.439719760040199e-01 2.794919316247186e+00

4.359425295977026e-02 -1.029638305678393e+00
-1.083881778955551e-01 -1.026537663865216e-02
-8.944500195574064e-01 2.575943928233723e-02

-1.780158295879405e-01 -1.198585230406561e+00
-1.473169563951257e-01 -1.826867411214272e-02
2.662109080404104e-01 -7.827746148880725e-01

-8.724269828769009e-01 2.629833379075976e-01
-2.703741094474115e-01 -3.942965964707769e-01
3.808461686083587e-01 -1.295442824776454e-01

-4.213134869013152e-01 -7.014176413719879e-01
-1.397053676396715e-01 9.234402372112341e-02
1.882677429250740e-02 9.036046573612349e-01

3.759979426312234e-01 4.382048153799339e-02
1.267581428491636e+00 -2.397448963021477e+00
-5.670945081161207e+00 -1.509635819169772e+00

-1.581481380340624e-01 -1.179622037548706e+00
-1.434730573545707e-01 -1.660584968995434e-02
3.845269470192930e-02 -9.020582085529261e-01

