0
-2.144606490627958e+00 -1.452166437732976e+00
-2.096310918279598e+00 -1.466382238503993e+00
-2.205428340739834e+00 -1.440406627182977e+00
-2.208817697440572e+00 -1.436365711780612e+00

1
-6.598671141918329e-01 2.058162752320043e-01
-6.640095544544583e-01 1.946124623196553e-01
-6.876635858857298e-01 2.355606378098163e-01
-2.211573854098994e-01 -6.756750319934839e-01

2
-2.517281934369312e-01 5.611009562760866e-01
-2.614415484417817e-01 5.407759288370412e-01
-2.545778417693034e-01 5.559380953114677e-01
2.512332699868745e-01 -5.628797724318351e-01

3
4.440333000503768e-01 1.066063728315638e+00
4.316991515410034e-01 1.054361614276762e+00
5.078140564879180e-01 1.065929771484397e+00
1.061544117887809e+00 -4.778646959940611e-01

4
3.846997224156273e-01 9.270281110220807e-01
3.694570765536802e-01 9.480426149530480e-01
-8.629610870381369e-01 4.144276746548718e-01
3.885111033386698e-01 9.046829122458996e-01

5
-1.929022360844254e-01 5.189826186406007e-01
-1.981960859780860e-01 5.250160166845120e-01
-5.530066089402490e-01 -2.034491252720629e-01
-5.306726308610134e-01 -1.938229174641366e-01

6
1.279670393733677e-02 3.760400318765968e-01
1.434248144183173e-02 3.829198353201602e-01
-3.746171121254119e-01 7.990117077508867e-03
-1.175170044724013e-02 -3.766281460081040e-01

7
2.216429463963712e-01 3.789815277329372e-01
2.256128381224683e-01 3.967587836404857e-01
-3.866824150691715e-01 2.027776198242056e-01
3.827947225735051e-01 -2.147607529783101e-01

8
6.290400414379744e-01 9.791048764322423e-02
6.090119270096894e-01 1.172637801417143e-01
-6.448613317880052e-01 -8.382696406043176e-02
6.379038268077766e-01 8.984048002461104e-02

9
5.047291830271355e-01 8.753646729787149e-01
4.721345364659513e-01 8.612147473202562e-01
-4.332048055340387e-01 -8.701835343284532e-01
-8.767664433392006e-01 4.825761090880819e-01

10
2.340524463826181e-01 3.759073178729485e-01
2.184235404640120e-01 3.742383759678832e-01
-2.407962199524485e-01 -3.764712893291337e-01
-2.360392694573749e-01 -3.759636126795098e-01

11
3.609098567371965e-01 1.973490231811415e-01
3.490655478104692e-01 2.026087348315019e-01
-3.290234739812096e-01 -2.021133992695801e-01
1.967250246086639e-01 -3.511057361320144e-01

12
4.945212250975889e-01 -6.535783129649986e-01
4.703734263054821e-01 -6.375142025989995e-01
-6.679905453848809e-01 -5.610637434012323e-01
5.199952421159703e-01 -6.541351819236900e-01

13
-3.333102498324296e+00 -2.130279024203868e+00
-3.370433491707000e+00 -1.966278649804671e+00
-2.071960689968977e+00 3.147546751856218e+00
2.100858189484897e+00 -3.269238627442696e+00

14
5.344915820277332e-01 9.153961068362161e-01
5.522627527269540e-01 9.061407079399493e-01
9.076898671698395e-01 -5.226653051169603e-01
-5.337134615962885e-01 -9.122657363340284e-01

15
6.416240018897484e-01 7.024360455425480e-02
6.381744281145756e-01 6.292044285434691e-02
2.679964649411943e-02 -6.405117495230495e-01
5.663791999993111e-02 -6.427682410524185e-01

16
-3.566513499897871e-01 -5.352454049811411e-01
5.555987155038093e-01 -3.723562698457762e-01
-3.054567150400313e-01 -5.039718117020099e-01
-3.378178558221224e-01 -5.279887814179280e-01

17
-4.401079343428682e-01 -1.831401321547567e-01
2.099831646038339e-01 -4.519261228204164e-01
-4.580137164039580e-01 -1.502646319640096e-01
1.716764124133799e-01 -4.410658030820588e-01

18
-7.096358692445482e-01 1.988718021036431e-01
-1.692983651619105e-01 -7.033223610921497e-01
-7.186677034759279e-01 1.858889823123875e-01
7.099458193353467e-01 -1.965876968823115e-01

19
-1.561940445364310e+00 -1.926065813256344e+00
1.899227254576727e+00 -1.587203273380222e+00
-1.555884394547069e+00 -1.978898740704633e+00
-1.947576104785299e+00 1.566252921506774e+00

20
-1.832741013841373e+00 -1.617183579453474e+00
1.722088030606352e+00 -1.710825928184783e+00
1.312039008225769e+00 -1.792256526242941e+00
-1.821341957646935e+00 -1.499378239587628e+00

21
-6.317884300975886e-01 2.417417351196211e-01
-1.825732629968811e-01 -6.081499823813946e-01
-2.924540878881657e-01 -6.580462578574517e-01
-2.721808378477704e-01 -6.424628410692932e-01

22
-2.121076706517145e-01 5.801702269122728e-01
-5.553032608888334e-01 -2.095378407893684e-01
-5.760173821782664e-01 -2.172629795858892e-01
2.140790117928306e-01 -5.832125406393015e-01

23
5.685859090704627e-01 9.588472329862052e-01
-9.783258444726003e-01 5.322290390086247e-01
-9.453491238330746e-01 5.125730105931832e-01
9.511001741828761e-01 -5.539275664568885e-01

24
5.832522015816197e-01 -4.816951893410314e-01
4.840221828942251e-01 5.546476406105443e-01
-6.047134103504820e-01 5.394194091652368e-01
5.936507987627294e-01 -5.035043563173383e-01

25
-5.052118518724462e-01 -4.038126065746443e+00
3.986775096758223e+00 -6.452474068796801e-01
3.031881571160355e-01 4.086015812701218e+00
4.041130109051757e+00 -4.132659449279676e-01

26
6.198790865766038e-01 7.866501952598177e-01
-7.783835340680574e-01 6.371769901913457e-01
-6.370309594004748e-01 -7.904478445304338e-01
-6.259348389524269e-01 -7.829256870898733e-01

27
6.331517503543400e-01 4.745794511205702e-02
-4.244305061699691e-02 6.232844096910222e-01
-6.168080915613954e-01 -4.273038257679934e-02
4.490555515007243e-02 -6.293535167862823e-01

28
7.537703772331490e-03 -4.665355720726982e-01
4.651992434287007e-01 -1.470354899244418e-03
-4.882870482236316e-01 -8.815943621622072e-02
3.600004723121532e-02 -4.724617545625112e-01

29
-3.500502938958321e-01 -5.526642067613590e-01
5.648525634253528e-01 -3.678661524876846e-01
-5.076912637899609e-01 2.821535833947649e-01
5.409211093123459e-01 -3.339136379234870e-01

30
-8.248312718997968e-01 -2.410708915975265e+00
2.481067817113145e+00 -8.107871740653276e-01
-2.332779068962992e+00 8.089832259566887e-01
8.238957169954181e-01 2.401956071144357e+00

31
4.580214606712935e-01 -5.288997387307194e-01
5.257658690733378e-01 4.657665194298955e-01
-5.732770369001086e-01 -4.676816876919432e-01
-5.472204606085561e-01 -4.619287297550763e-01

32
-4.222356277395993e-01 -1.533185279374414e-01
4.191395097779994e-01 1.555452610301860e-01
-4.384476875226379e-01 -1.438261626152584e-01
-4.284497379519616e-01 -1.493469473832156e-01

33
-3.147409173176332e-01 -3.943603263030605e-03
3.132620652640545e-01 5.320526725155951e-03
-3.347179463947240e-01 -1.333485359243986e-02
4.560391952025383e-03 -3.222690511648766e-01

34
-3.567721155096255e-01 1.529667578177077e-01
3.553323687516171e-01 -1.517069523277977e-01
-3.455928968078899e-01 1.212123169693652e-01
3.542985729516556e-01 -1.470068820275211e-01

35
-6.994505551613063e-01 1.281122191773263e-01
7.003184636496972e-01 -1.254482439425523e-01
-6.672411541768033e-01 1.630185396800539e-01
1.415330543170024e-01 6.934821968086797e-01

36
-6.773424056930749e-01 2.002149893921381e-01
6.670691517526599e-01 -1.928761638690089e-01
-1.987596365431034e-01 -6.510416397941332e-01
-6.688036704428253e-01 2.028703309749803e-01

37
-3.468641643052305e-01 1.585252695589680e-01
3.447804400321909e-01 -1.672050574312299e-01
-1.584609736224530e-01 -3.557786180780613e-01
-1.585659354981012e-01 -3.526041218783170e-01

38
-2.402360564626642e-01 2.811688832851270e-01
2.468692224836975e-01 -2.863681172129393e-01
-2.831495993171841e-01 -2.273226951061408e-01
2.364377228679548e-01 -2.793277629934739e-01

39
-2.594952506497197e-01 5.571864605165691e-01
2.726740290304787e-01 -5.538854939970234e-01
-5.698004014009017e-01 -2.852070784847242e-01
5.602493122867069e-01 2.657837933615884e-01

40
-1.650835054684160e+00 -2.122813981331140e+00
1.648316959670205e+00 2.122842422996158e+00
1.663642281769907e+00 2.123561498453733e+00
-1.656955312498115e+00 -2.123106903465830e+00

41
-7.209882273031133e-01 2.096320042076246e-01
7.315219378662960e-01 -1.856343418950057e-01
6.881978923708117e-01 -1.804556150971350e-01
-2.043967826276449e-01 -7.080085841017070e-01

42
-2.159411462969507e-01 5.907153879229883e-01
2.398927472780756e-01 -5.554070490770451e-01
2.002545952422170e-01 -6.200204871561319e-01
2.063352622553092e-01 -6.074615026371093e-01

43
7.486887297806238e-01 1.023165146183839e+00
-7.263487943273925e-01 -9.782266443208743e-01
-6.730385940755665e-01 -1.042390446589227e+00
1.035498203174265e+00 -7.259351792760019e-01

44
-3.201060382372607e-01 -4.712200102744150e-01
3.092464234315012e-01 4.755649793464735e-01
-4.897967509947849e-01 3.076905850096018e-01
-3.181222123799285e-01 -4.790143553096555e-01

45
-4.570146214881588e-01 -1.762004412598821e-01
4.486054968456911e-01 1.722967835394150e-01
-1.565377870583178e-01 4.478981727581184e-01
1.716893203468640e-01 -4.548061986208597e-01

46
-7.712156665138329e-01 1.189235390957016e-01
7.622865796929121e-01 -1.339443500790167e-01
1.131507984520928e-01 7.948280473017042e-01
7.767674615904616e-01 -1.126795440524084e-01

47
-1.089173949550973e+00 -1.612062583372301e+00
1.124931420386978e+00 1.632094378072408e+00
-1.572904823206642e+00 1.100458981772008e+00
-1.587063533770334e+00 1.096970623838427e+00

48
-5.806052612298850e-01 1.905681295646869e-01
2.137385774472592e-01 5.739844970686938e-01
-5.931911361573904e-01 1.408463423839839e-01
-5.802318110655804e-01 1.729519670084086e-01

49
-3.375792913530960e-01 1.516282268062856e-01
1.541264180621826e-01 3.416438870963338e-01
-3.290759972437919e-01 1.526308713414299e-01
-1.528292012915190e-01 -3.345918570356386e-01

50
-2.358771266452452e-01 2.788774454375261e-01
2.648688320714866e-01 2.352029996527998e-01
-2.305192840183742e-01 2.742079349361137e-01
2.355094956055735e-01 -2.777795133777285e-01

51
-3.334297327231978e-01 5.262920327309895e-01
5.077213129657904e-01 2.980693497547687e-01
-3.413000426671317e-01 5.632708858785010e-01
5.361130658613434e-01 3.389441297186009e-01

52
-2.779650111590083e-01 5.363061994904570e-01
5.453698903778773e-01 2.771108266240807e-01
-4.522294371387868e-01 -2.217335416771641e-01
-2.612382005127880e-01 5.140945168114496e-01

53
-2.205370352198069e-01 2.678626216602414e-01
2.654824322284949e-01 2.191395402434272e-01
-2.868682924488903e-01 -2.078761274708615e-01
-2.749645535360534e-01 -2.147531989033430e-01

54
-9.291897458202401e-02 2.768125734957650e-01
2.736675154885834e-01 8.487494850184843e-02
-2.763852113677006e-01 -1.017315777287325e-01
9.393405038698005e-02 -2.768939477463581e-01

55
-2.783134757304234e-03 3.921324235477711e-01
3.959367280919444e-01 -9.271046967443545e-03
-3.782717155240927e-01 -4.817202551524183e-02
3.873974118993452e-01 1.446827420462876e-02

56
3.703508573868459e-01 8.579912171682410e-01
8.927803944550886e-01 -3.681061423173928e-01
-4.528225646396870e-01 -8.585319574864488e-01
4.006177269800841e-01 8.514245601049873e-01

57
-2.245791654535349e-01 5.636668451107408e-01
5.653644385667682e-01 2.354499273437437e-01
2.404232762320420e-01 -5.631289345426943e-01
-5.649173093950880e-01 -2.287818293456257e-01

58
4.352990883401883e-03 3.884434567056879e-01
3.953183301571454e-01 -7.677499594543001e-03
-1.023011703788218e-02 -3.914755718032379e-01
-5.184024304712296e-03 -3.909617154032015e-01

59
2.147521130814482e-01 4.205801619076010e-01
4.359987518857278e-01 -2.210422496029804e-01
-2.035222359756705e-01 -3.953341170603914e-01
4.113323480548772e-01 -2.084813093512864e-01

60
-9.676965627227024e-01 -1.269507286989139e+00
-1.183043744436843e+00 8.345548683278962e-01
-1.476457695233073e+00 9.353525113712112e-01
-9.578866409508635e-01 -1.364046392094525e+00

61
-6.731057000945085e-01 1.935345109360259e-01
1.856019256752785e-01 6.463793069331196e-01
1.604635481207870e-01 6.567731294299899e-01
-1.832755004327152e-01 -6.701559177781751e-01

62
-2.697443835057251e-01 5.860632132535565e-01
5.718950988331858e-01 2.912481892231247e-01
5.802366382103321e-01 2.697818053985978e-01
2.660836367247779e-01 -5.871281463048417e-01

63
6.525018340687713e-01 9.386747520649523e-01
9.556800388020281e-01 -5.521643679283282e-01
9.430735375978323e-01 -7.433301748796131e-01
9.438364298149508e-01 -7.036372605538697e-01

