20                                               

4.293786944146111e-02 3.862248846367967e-01
4.427608624262552e-02 4.768807236966538e-01
-6.308867796909741e-01 -2.949424304903889e-01

-5.426811756728986e-01 3.581841973002106e-01
-8.137842535355952e-02 -5.547744129751352e-02
2.338547033536189e-01 1.145954400024592e-01

2.619365178646023e+00 1.678638594428775e-01
-2.930977363082653e-01 3.077170174035579e+00
3.506307478307879e-01 2.622696121100006e-02

4.293786944139680e-02 -3.862248846367452e-01
4.427608624253745e-02 -4.768807236965867e-01
-6.308867796908881e-01 2.949424304903869e-01

2.510150637531666e-02 -2.999406278902939e-13
-7.526318487572832e-02 2.066020965418858e-13
-3.444652606374389e-01 1.670885652060861e-13

-1.074983560690556e-03 -2.093431764743636e-15
1.414985543990107e-04 1.973220848869306e-15
5.000410682876130e-01 -2.220446049250313e-16

1.705136593892329e+00 1.226796442210798e-13
-2.752619719679453e-03 1.534167758110438e-14
-9.894110458557239e-01 -1.037503416512209e-13

-3.793739976064778e-01 -4.154473333174463e-01
-1.199356404823202e-01 -5.527323955126461e-02
-2.412955143382954e-01 -4.688718155935620e-02

-5.426811756728946e-01 -3.581841973001628e-01
-8.137842535355119e-02 5.547744129751246e-02
2.338547033536196e-01 -1.145954400024307e-01

-3.793739976064993e-01 4.154473333180033e-01
-1.199356404822749e-01 5.527323955131742e-02
-2.412955143381549e-01 4.688718155918639e-02

-1.277136233968125e-01 -9.797224738045361e-02
-1.439481043774348e-01 1.112934547207790e-01
-3.627549861047092e-01 -1.565332920179605e-02

2.619365178643534e+00 -1.678638594503150e-01
-2.930977363169591e-01 -3.077170174033011e+00
3.506307478308411e-01 -2.622696121194765e-02

6.319017388660058e+00 1.061613019714969e-10
-3.030768872057124e+00 -3.879385701566207e-11
-3.014979887726898e+00 -4.139200093788986e-11

-2.484226164664385e-01 7.324515843901006e-02
-1.257843823279223e-01 -1.803386271581411e-01
-3.057295297960979e-01 -6.260913528564002e-02

-1.728770506293326e+00 -2.963518319631930e-12
-2.869131431159188e-04 2.495342121952224e-13
-9.971117424661230e-01 -2.487288153218969e-12

-5.659309661690545e-01 1.446181013302064e+00
1.082905223064667e+00 7.601996975334353e-01
-3.050385100008411e-01 -8.423740357168178e-01

-2.484226164670186e-01 -7.324515843791388e-02
-1.257843823280021e-01 1.803386271582916e-01
-3.057295297952943e-01 6.260913528489644e-02

-1.277136233968140e-01 9.797224738076604e-02
-1.439481043771730e-01 -1.112934547204147e-01
-3.627549861039550e-01 1.565332920148019e-02

-1.825452024593646e-01 1.249000902703301e-16
2.279378813852035e-01 -5.037636974236648e-15
-1.811772244655956e-01 -1.443289932012704e-15

-5.659309661689301e-01 -1.446181013301715e+00
1.082905223064419e+00 -7.601996975333402e-01
-3.050385100008416e-01 8.423740357166057e-01

