4
0
0
52
-1.007669262701599e-11 5.583653222944462e-12
-3.619507783227636e-12 3.195343810510551e-12
2.483079714066250e-12 3.942521049210557e-11
2.295221678630925e-01 -1.148714835715896e+00
3.787722917735864e-15
1.422487344946211e+14
2.702025164399905e-16
5.960464477539063e-09
2.510050148456625e-09
0.000000000000000e+00
2
1
1
52
-5.920059371426393e-02 1.058436244285163e-01
-1.762118284920427e-02 4.239118355225661e-02
-3.287962607798818e-01 -7.764989359471479e-03
1.759379890598125e-01 -6.896047181260040e-01
1.775710079212819e-16
5.549396041631485e+15
8.414924098348556e-14
9.536743164062501e-08
1.227151169009094e-09
0.000000000000000e+00
1
1
2
52
-1.721980595078424e-01 7.382253018406878e-01
-2.925147998366048e-01 -3.480935403927802e-02
-3.596696723265499e-01 -4.943220810647279e-02
3.263714440063309e-01 -4.149480691676972e-01
6.206335383118183e-17
1.523962185467385e+04
7.878477145204356e-16
9.536743164062501e-08
1.946457908343710e-10
0.000000000000000e+00
1
1
3
52
-1.647257975478578e-01 3.569389598302767e-01
5.543399583141909e-01 3.666175034978711e-01
4.948327085417773e-02 -2.417746547684159e-02
-1.293472083271299e-01 -2.166585615132165e-01
8.777083671441753e-17
1.625080069006068e+16
3.052193074325170e-12
2.384185791015625e-08
1.433382005868420e-10
0.000000000000000e+00
1
1
4
52
-1.235500567644753e+00 -1.762372798355037e-01
7.336083092062406e-01 -3.468961248672656e-01
9.076589737185133e-02 8.288432253616433e-02
-2.687316301122054e-01 -1.827966479683190e-01
7.760302974266845e-17
4.657125780744952e+04
1.382191007090035e-15
2.384185791015625e-08
1.790903633775092e-10
0.000000000000000e+00
1
1
5
52
9.269287315831079e-02 2.244876123951899e-01
2.051131272457586e-01 6.035748183765490e-01
-7.179546565975482e-01 2.194349336061396e-01
2.661334353144422e-02 8.114331180173266e-02
1.143723938931341e-15
2.527166237428883e+03
2.466030806614728e-16
6.103515625000000e-06
1.451565804264307e-09
0.000000000000000e+00
1
1
6
52
1.827121761423810e-01 3.775853680901465e-01
3.531716783506599e-01 7.298498707422418e-01
5.282743577716915e-03 1.091709769344612e-02
-2.206047881742066e-01 -4.558926607593523e-01
1.321217516161874e-18
1.923450687310572e+15
1.565891419281818e-11
5.960464477539063e-09
1.648851707110905e-10
0.000000000000000e+00
1
1
7
52
-9.805479561988961e-12 -2.281988291906456e-12
-3.295633880270703e-12 5.001527620882018e-14
-6.785278068577316e-12 3.485832109073606e-11
2.295221678590371e-01 -1.148714835711771e+00
2.729494396112863e-15
2.500582959104633e+12
1.332186077300141e-16
5.960464477539063e-09
1.990757446916238e-09
0.000000000000000e+00
2
1
8
52
-7.628936717458759e-02 1.289809455750195e-02
7.694748342976776e-01 2.350554098517160e-01
1.955139380891384e-03 3.790395718907213e-02
5.147622285927805e-02 -2.549506470340208e-01
3.103167691559091e-17
4.175874766617604e+15
1.079675506152776e-12
9.536743164062501e-08
1.406447954868680e-11
0.000000000000000e+00
1
1
9
52
-4.979408459639587e-01 6.093199239603709e-01
2.139539983049255e-01 2.184800451314055e-01
2.685260544613886e-01 2.644366924839490e-01
1.344299974676689e-01 -5.312757679779045e-01
1.144391699630559e-16
1.756945822242886e+04
1.654044536522871e-15
9.536743164062501e-08
2.281686141722229e-10
0.000000000000000e+00
1
1
10
52
-2.489882088070747e-01 8.327676310230547e-01
-5.124709138905724e-02 1.714013651481716e-01
5.059495478421668e-03 -1.692202246792394e-02
1.299533855242405e-01 -4.346429637225838e-01
1.541107539335421e-16
1.322489528371126e+16
6.350663494180673e-13
2.384185791015625e-08
4.247622276912195e-09
0.000000000000000e+00
1
1
11
52
-4.068648682317055e-01 9.109039328429100e-01
-1.021292108353731e-02 2.286506087767936e-02
3.062194579697350e-02 -6.855753110166801e-02
1.401508128794995e-01 -3.137747606424692e-01
1.626865015317392e-16
5.834106229212662e+05
1.499698240566739e-14
5.960464477539063e-09
1.704009888606759e-09
0.000000000000000e+00
1
1
12
52
-2.195691694327700e+00 1.125166623453487e+00
2.360332475749426e-03 -1.209535623245603e-03
-3.106872006555042e-04 1.592094506723518e-04
-1.097936020461862e+00 5.626295203932485e-01
1.231008498505379e-15
1.072430700547894e+04
3.933961315298040e-16
2.384185791015625e-08
2.016088781629015e-10
0.000000000000000e+00
1
1
13
52
9.039676135813854e-02 -3.019040092623017e-01
9.932112528466680e-01 1.149742370720181e+00
1.230060346424924e-01 1.150122765796687e-01
-8.127033945540436e-01 -3.564981731025131e-01
8.326672684688674e-17
8.934246791793548e+15
2.148645022347035e-12
2.384185791015625e-08
4.239408638891240e-11
0.000000000000000e+00
1
1
14
52
2.028046610504720e-01 4.284147960857617e-01
3.458096489690376e-01 7.305057461707775e-01
-5.582441092570093e-04 -1.179263015905008e-03
-2.006571717943187e-01 -4.238783314553013e-01
1.241267076623637e-16
1.651935716374748e+06
3.092119415964644e-14
5.960464477539063e-09
1.921364838989367e-10
0.000000000000000e+00
1
1
15
52
-4.545616176074278e-01 6.179330736569607e-01
4.291675056496345e-01 -4.558132854302870e-02
8.867330155331682e-02 -4.898710578343065e-02
1.386568195351168e-01 -1.277913657400260e-01
1.318935062910154e-16
2.321917010050530e+05
2.917472186524176e-15
2.384185791015625e-08
1.232163728349840e-09
0.000000000000000e+00
1
1
16
52
-4.527130067746059e-02 -7.712498343707135e-01
9.762942257492437e-01 1.832808760732198e-01
2.279134606595681e-02 1.301237239125594e-01
-3.225658241086882e-02 -6.989387300369262e-01
1.296848552707822e-15
1.890347443400410e+16
4.937728981309307e-13
3.814697265625000e-07
5.133461701732719e-09
0.000000000000000e+00
1
1
17
52
3.685260642897181e-01 8.376091688115138e-01
-2.252020332741989e-01 8.289595193482155e-01
-2.857466472502469e-02 -2.372917529229686e-02
-1.142730561300483e-01 -7.332978495895058e-01
2.775557561562891e-17
3.697918375629286e+15
1.892692775142758e-11
2.384185791015625e-08
1.429816999499916e-10
0.000000000000000e+00
1
1
18
52
-6.002022014532607e-02 5.080653656522569e-01
2.559755750645333e-01 4.063334528504572e-01
1.139513440264412e-02 -1.735931151085974e-02
-5.884418156398620e-02 -4.107153363075857e-01
1.241267076623637e-16
6.595215337122085e+18
4.438766207646619e-12
2.384185791015625e-08
3.492279309221119e-11
0.000000000000000e+00
1
1
19
52
-1.294119596851283e+00 3.172628289962086e-01
6.456866001377574e-01 -9.852465679000454e-02
-2.433475061511911e-01 1.457777000550754e+00
1.133921788194410e+00 4.930160547062504e-01
3.265441277891843e-16
1.670907049996099e+16
1.274676485488809e-11
3.814697265625000e-07
4.781591556169095e-10
0.000000000000000e+00
1
1
20
52
-5.249738542597432e-01 2.348649778193090e-01
3.002196468489513e-01 -9.199199447370918e-02
-2.648159742167134e-01 -1.423881480682953e-01
-1.167970309514571e-01 -1.536050402752205e-01
3.103167691559091e-17
1.511207425110890e+16
9.866370636397160e-13
9.536743164062501e-08
8.460245752600448e-12
0.000000000000000e+00
1
1
21
52
-7.373623921831378e-01 5.922267676385760e-01
6.122789592732166e-01 -5.727876196361559e-02
2.715016465430676e-02 -8.910146062998416e-02
-1.045691764693431e-01 2.229933828376638e-01
9.437916079723832e-17
1.056651247432748e+05
2.443965457104046e-15
2.384185791015625e-08
1.523621737691604e-10
0.000000000000000e+00
1
1
22
52
-5.634313397623311e-01 1.868592105047182e+00
-1.948536377398040e+00 -4.986706131356460e-01
4.188749454371018e-02 -2.083171284092490e-01
5.520950577345635e-01 -1.656848569520033e+00
8.547313421653267e-17
7.583643792237292e+14
3.056441810056441e-12
3.814697265625000e-07
7.970079571670102e-11
0.000000000000000e+00
1
1
23
52
1.184404893515150e+00 -5.091387330457344e-01
1.153921475810327e+00 1.849012009652034e+00
-8.354221358655413e-02 1.601292124308302e-01
-6.990808485619560e-01 -4.427839745475917e-01
2.220446049250313e-16
8.791237216387099e+15
3.888479499095888e-11
2.384185791015625e-08
4.083175229377549e-09
0.000000000000000e+00
1
1
24
52
-6.598803866136428e-01 -5.908053820551832e-01
8.354395771291677e-01 5.908901738903342e-01
9.376139255127125e-02 6.049172900952027e-01
-3.835281390299680e-01 -5.271303490605632e-01
1.489903548262998e-16
3.385390950457740e+16
6.888586347296508e-13
3.814697265625000e-07
4.134083179061756e-10
0.000000000000000e+00
1
1
25
52
-6.137860013656542e-01 -6.684354419239640e-01
9.104404723913839e-01 -6.166827461481692e-01
1.026325148525504e-01 8.725881841702421e-02
3.598377668698771e-01 -6.584009067905553e-01
1.110223024625157e-16
1.300773137359443e+16
1.950328134518815e-12
2.384185791015625e-08
1.112316912731714e-11
0.000000000000000e+00
1
1
26
52
-1.118136452253027e+00 6.980851932176714e-01
1.341742638097148e-01 -7.293621777950663e-01
9.551898143559735e-02 -1.455283187361958e-01
2.370700631484573e-01 -2.208710925940405e-01
5.551115123125783e-17
1.021260842386018e+05
1.500707301331221e-14
5.960464477539063e-09
6.538712661905615e-12
0.000000000000000e+00
1
1
27
52
-3.542273990720474e-01 7.443537619175894e-01
1.181656755430812e-01 -6.035966165272234e-02
-3.185133908324639e-02 -1.465715040137336e-01
1.401493697061792e-01 -2.644732004714324e-01
9.170672733246021e-17
1.478240562060824e+05
4.912404162686482e-16
2.384185791015625e-08
2.930254528345721e-09
0.000000000000000e+00
1
1
28
52
2.670930474924719e-01 -1.507577729946367e-01
6.743074464425504e-01 -4.397249307764305e-01
-5.421916901687769e-01 -7.777039974385030e-01
8.969711671797385e-02 -5.986534968298760e-02
2.228446471821137e-15
1.265300613437153e+03
2.145746950788094e-16
6.103515625000000e-06
1.154949870476816e-09
0.000000000000000e+00
1
1
29
52
-7.602628258324009e-01 -5.401001948822429e-01
7.573482426923325e-01 -8.114069435102818e-01
1.180460546694618e-01 6.486501602684089e-02
4.579676598657311e-01 -7.065696305989482e-01
2.288783399261119e-16
1.002153157161890e+15
3.070289681614341e-12
9.536743164062501e-08
8.600998575712108e-11
0.000000000000000e+00
1
1
30
64
-0.837126469539286894309e-1 -0.145104628782615274384e-1
0.103906251101857244508e1 0.180107529036135654053e0
-0.234192649071417989437e-3 -0.405941523020915183454e-4
0.838921825894274583428e-1 0.145415829846526526634e-1
3.77492896697542e-17
1.206850518089732e+18
7.63064601522106e-15
9.53674316406250e-8
1.27039366694466e-9
3.814697265625000e-07
1
1
31
52
8.647185760830954e-02 6.416204273600851e-02
5.464171718498330e-01 4.054410637499675e-01
-2.620762143457314e-01 -1.944603218952481e-01
-2.607109115407816e-01 -1.934472684081186e-01
3.304416733780329e-15
1.061982002729050e+04
4.612199134896542e-16
6.103515625000000e-06
9.745168240922279e-09
0.000000000000000e+00
1
1
32
52
-8.222058193299138e-01 1.007745157424269e+00
1.304420671901833e-01 -3.105692842450155e-01
2.851560293459940e-01 2.151686652882475e-02
3.144666514339746e-01 -2.566198577585494e-01
3.839481825087932e-16
1.977691079896110e+04
2.794584835430100e-15
2.384185791015625e-08
1.919976050753618e-09
0.000000000000000e+00
1
1
33
52
-2.740711861526463e-01 2.377573042434749e-01
1.234589805307315e-01 -1.280274881187707e-01
-3.623126175500022e-01 -1.751991849559335e-01
6.876392229156049e-02 -3.295954408343508e-01
1.211825722864170e-16
7.028528106509288e+15
6.581066626442384e-13
3.814697265625000e-07
3.942759339235617e-11
0.000000000000000e+00
1
1
34
52
-3.893690950969222e-01 1.742847646800786e-01
6.731298076661968e-01 -3.012983608740387e-01
1.117151108629690e-04 -5.000458972874052e-05
3.882444968749831e-01 -1.737813853944829e-01
7.406235159622129e-17
2.781293735799897e+05
4.262328265703551e-15
9.536743164062501e-08
1.873690795188454e-09
0.000000000000000e+00
1
1
35
52
-1.184535775504572e-01 -9.565633456425747e-02
1.546685874633713e+00 3.383523584410027e-01
3.988624370897217e-02 -6.314503039039995e-02
-1.574076510213182e-01 4.870154672927008e-01
8.886119947416683e-17
3.891656922078908e+15
2.745899768626290e-12
9.536743164062501e-08
4.264335587950704e-11
0.000000000000000e+00
1
1
36
52
-2.986724569205497e-01 3.330436309611440e-01
6.553006351613295e-01 3.936018845085629e-01
8.163392700733584e-02 -3.463477620154050e-02
-2.748535093078521e-01 -1.093348062912472e-01
8.121767085755589e-17
5.443879570461912e+15
4.445856104224872e-13
2.384185791015625e-08
5.095819456436969e-11
0.000000000000000e+00
1
1
37
64
-0.760599192548229386391e-1 -0.174430046922858191472e-1
0.103781520237832897103e1 0.238004662996743233114e0
0.722528452525328856529e-2 0.165699192789688362623e-2
0.278468909708160103816e-1 0.638619462488728498957e-2
3.24119278688409e-17
1.153838832157106e+18
2.60032706215909e-15
9.53674316406250e-8
1.25247195019752e-9
3.814697265625000e-07
1
1
38
52
-9.459110910658699e-01 3.305800745402598e-02
4.875125149593217e-01 -1.386667210269381e+00
-1.049462748337637e+00 -6.832826363857206e-01
3.163865169638073e-01 7.867269778730823e-01
9.725329842498784e-16
2.156675567216329e+03
4.358011841512842e-15
1.525878906250000e-06
1.764591599029967e-09
0.000000000000000e+00
1
1
39
52
-8.092778478156148e-02 9.140768158562594e-01
-1.658774642525413e-01 -9.108452045421837e-01
-8.325519047572010e-01 -6.054520503611199e-01
8.204433791947560e-01 2.717599997009940e-01
5.551115123125783e-17
1.023995116971274e+17
1.253934879173840e-12
1.525878906250000e-06
2.907445227725514e-11
0.000000000000000e+00
1
1
40
52
-1.014584905797438e+00 4.164547696173261e-01
1.219507620015897e+00 -3.439098771142271e-01
3.597309244866445e-01 -6.671760118449700e-01
-6.657182017111580e-01 4.564929158840642e-01
8.534864292978098e-16
1.418239825956997e+16
4.052812494347658e-12
3.814697265625000e-07
7.244761729096670e-10
0.000000000000000e+00
1
1
41
52
4.096419427124932e-01 -8.688695462664058e-01
1.325639044269491e+00 9.679866984824623e-01
-3.919436820367328e-04 1.904156514505828e-01
-4.457070616883335e-01 -4.525360978502818e-01
1.570092458683775e-16
1.495702161611863e+16
5.037440726978552e-12
2.384185791015625e-08
1.305684793129673e-09
0.000000000000000e+00
1
1
42
52
-4.478853127722377e-01 6.567029156309487e-01
1.593651503780571e-01 -1.303344258465429e-01
-6.209192483489272e-02 -1.633739930453444e-01
9.581616438935057e-02 -2.288151857505240e-01
8.441528768080324e-17
6.913673599287082e+04
7.532178897179898e-16
2.384185791015625e-08
3.220622963914422e-09
0.000000000000000e+00
1
1
43
52
3.351361342434293e+00 -6.347742940808945e-01
-9.667318448894002e-01 2.618142939435230e+00
-5.268207809092506e-01 -2.207968151798576e-01
-5.104896849352829e-01 -3.040256469896619e+00
1.404333387430680e-15
2.605975545200214e+15
3.162852482103886e-12
3.814697265625000e-07
3.150304577209442e-11
0.000000000000000e+00
1
1
44
52
-5.536078737612129e-01 -2.219050391625808e-02
3.020693719332024e-01 2.805941949959035e-02
-3.840310160410429e-01 -1.213734529410981e-01
-3.369634698915287e-01 -1.991369520615905e-01
1.037256865643878e-16
3.143369145559488e+15
8.935916959896685e-13
3.814697265625000e-07
1.364632918888170e-09
0.000000000000000e+00
1
1
45
52
-6.344216160591247e-01 -2.475900470088689e-01
5.508946020779705e-01 4.106166234973871e-01
1.280286724725129e-01 7.531685427189964e-01
8.983892056179046e-02 -6.350906299320013e-01
1.118863022827952e-16
3.751109757911083e+15
5.778128280524551e-13
1.525878906250000e-06
1.714197136991054e-11
0.000000000000000e+00
1
1
46
52
-1.071056228116232e+00 1.755454692873595e-01
5.909666124409375e-01 7.344291036246012e-03
-8.002907491627459e-02 1.163947552046548e+00
8.048735637446920e-01 7.826449949563356e-02
3.510833468576701e-16
2.721589626850111e+16
2.523281922965536e-12
3.814697265625000e-07
4.953972621341028e-10
0.000000000000000e+00
1
1
47
52
-1.203107624859292e+00 -9.962954276907371e-02
6.585646692854160e-01 -2.683326075864682e-02
-4.252863785102037e-01 4.663273152723341e-01
-1.243568055533343e-01 3.854935195529743e-01
1.118863022827952e-16
7.394864648284969e+15
2.980561374909290e-12
9.536743164062501e-08
1.054880424795632e-11
0.000000000000000e+00
1
1
48
52
-7.922787345320287e-01 -2.533195438104673e-01
4.404981266103790e-01 1.157210230638208e-01
-6.040803372603761e-01 -2.623843313522736e-02
-5.776706042553882e-01 1.076461172755868e-01
4.189044519367663e-16
1.143616100712079e+16
2.285469473711979e-12
3.814697265625000e-07
8.793960284950078e-10
0.000000000000000e+00
1
1
49
52
-4.294541796757063e-01 2.741074425235824e-01
3.731986337210376e-01 1.857415753904214e-01
3.468486988151463e-02 -7.795180798562365e-02
-2.557699985917635e-01 -3.828962379262061e-01
1.110223024625157e-16
3.493823808531844e+15
1.176273912480006e-13
3.814697265625000e-07
2.273949644503094e-12
0.000000000000000e+00
1
1
50
52
-6.338956864625547e-01 1.010737320518726e+00
-1.806709182908964e-02 -1.911891105135434e-01
2.037365306545357e-01 -7.494528043314713e-02
2.141274169197794e-01 -3.765725805191158e-01
6.938893903907228e-17
6.236960569824329e+04
2.527773682887297e-15
5.960464477539063e-09
9.875631863059283e-13
0.000000000000000e+00
1
1
51
52
-7.381349343636197e-01 5.717387412927838e-01
1.347429910357367e-01 -1.043681642831536e-01
-1.682489131152468e-01 1.303209173961238e-01
1.337332386890960e-01 -1.035860382668787e-01
8.777083671441753e-17
9.979797875628108e+04
1.148050924893574e-15
5.960464477539063e-09
2.956837836067383e-11
0.000000000000000e+00
1
1
52
52
-5.576108422849040e-01 6.633683946476224e-01
1.000973338937143e+00 4.894576610437308e-01
1.077087519613178e-01 -1.017664782003679e-01
-4.974417612776137e-01 6.070498272982215e-01
2.138206010459540e-15
4.045996369222235e+15
4.030223712620172e-13
3.814697265625000e-07
7.618874129787134e-09
0.000000000000000e+00
1
1
53
52
-6.473794950792027e-01 7.568532644376935e-01
9.941437102032770e-02 -1.162256324335610e-01
-2.208585554390564e-02 2.582063842599455e-02
1.618297120561142e-01 -1.891955905038177e-01
1.065428260166534e-16
1.600728246277017e+16
5.998544489568576e-13
5.960464477539063e-09
1.695910200422450e-09
0.000000000000000e+00
1
1
54
52
-2.662884452411433e-01 3.049806897408636e-01
1.138969241982902e-01 -1.887699157337521e-01
-3.846891670442183e-01 -2.035448890827463e-01
1.334854340624684e-01 -2.705222957182311e-01
1.144391699630559e-16
1.822729563924234e+16
2.118888686195432e-12
3.814697265625000e-07
4.016389494976347e-11
0.000000000000000e+00
1
1
55
52
-6.410997929608869e-01 3.722425997058346e-01
6.572063594818114e-01 -1.561559246992457e-01
2.656279546627566e-02 -3.534282277771105e-01
-2.923823003230854e-01 5.871635524621748e-02
1.241267076623637e-16
9.416996939182750e+15
1.624471620193077e-12
9.536743164062501e-08
3.522802923583762e-10
0.000000000000000e+00
1
1
56
52
-9.679932982685611e-02 3.881571006950079e-02
7.373828337415962e-01 -2.956842607942314e-01
-6.973484837450802e-02 2.796308260768534e-02
6.056764283260956e-01 -2.428711095464282e-01
1.001014898485153e-15
3.350788648013550e+15
2.402223403407277e-13
9.536743164062501e-08
1.880889010649697e-09
0.000000000000000e+00
1
1
57
52
-1.479456251849434e-01 5.921758132697493e-02
6.240784668004368e-01 4.480595337943267e-01
6.350115451685291e-02 5.673245150724750e-02
-2.163975109462988e-01 -3.931268971335890e-01
8.326672684688674e-17
4.339286849292817e+15
1.829450990574452e-12
2.384185791015625e-08
2.532163904051518e-11
0.000000000000000e+00
1
1
58
52
-1.309639546787212e-01 3.940855636015319e-01
4.000563162305947e-01 1.520253701477046e-01
1.824038115589996e-02 -4.136982185289466e-02
1.069892886771568e-01 -3.558633981088291e-01
1.118863022827952e-16
1.446317034148756e+17
2.018921391483466e-13
3.814697265625000e-07
6.385719973075250e-12
0.000000000000000e+00
1
1
59
52
-3.947725998438850e-02 6.479823911975230e-01
7.836897008394188e-01 -6.803426217273738e-02
1.765344892294271e-02 -9.473759647147668e-02
4.967148894988194e-01 2.034017777377968e-01
8.370740587190098e-16
5.105774595797797e+15
2.665837740990831e-13
9.536743164062501e-08
3.156566051395977e-09
0.000000000000000e+00
1
1
60
52
-1.006976207656590e+00 -7.569107576786789e-01
1.077568132236736e+00 3.955314043616698e-01
-2.618704019679643e-02 6.016963634582714e-01
-4.815564915717459e-01 -1.578185517717455e-01
2.259140179941514e-16
5.219204007957990e+15
1.943465485097216e-12
9.536743164062501e-08
1.005078536104108e-09
0.000000000000000e+00
1
1
61
52
-3.103642454563076e-01 9.514617666773914e-02
3.132433314805141e-01 3.949967112977717e-01
-2.637649677328137e-01 3.389730971891530e-01
1.452437816891898e-02 -2.904660299501730e-01
3.103167691559091e-17
1.917763016380956e+04
5.428836761675944e-16
1.525878906250000e-06
8.248403207026224e-11
0.000000000000000e+00
1
1
62
52
-4.355088720005178e-02 3.091271043546840e-01
-2.992114255408770e-02 1.143227344015237e-01
6.859121599704373e-01 4.962548058775373e-01
7.136440389444612e-01 -1.687296852624079e+00
5.245220659669401e-15
1.363882214360055e+15
1.597051092416129e-12
9.536743164062501e-08
2.264550939560619e-09
0.000000000000000e+00
1
1
63
52
-4.299714310337096e-03 5.754665634491558e-01
6.795130319297258e-01 -8.593692775549377e-02
1.017300441210693e-02 -8.249254685397384e-02
5.189390017048958e-01 2.600683267259806e-02
4.163336342344337e-17
8.753825134855759e+17
1.503003628618832e-12
9.536743164062501e-08
7.852308726704811e-11
0.000000000000000e+00
1
1
-1

2 0
1 4
-4432700753528517301121578575512628660645517592143939247066066597305556792398913425380827725056368960876699816749030960562191214877504207358389671825121108712545680602292540282148738218398536861014827736993736497481640695244809310397456800518074674718425011015523534549382848865059926015324690576101488377833459/10000000000000000000000000000000000000000000000000000000000000000000000000000000000000000000000000000000000000000000000000000000000000000000000000000000000000000000000000000000000000000000000000000000000000000000000000000000000000000000000000000000000000000000000000000000000000000000000000000000000000000000000 -3018840553736080181064056891920056993415813814617025447901851339669346843817379964932830078751248421566943876372248541139538496520325938518822973276651983422727086859116107466690902999484630769512781670878294998418843708767844984861897944500404008146764062088733348439681700565697070056826754939973019714342511/5000000000000000000000000000000000000000000000000000000000000000000000000000000000000000000000000000000000000000000000000000000000000000000000000000000000000000000000000000000000000000000000000000000000000000000000000000000000000000000000000000000000000000000000000000000000000000000000000000000000000000000000
8849073500833033566216594110326232455314115338676327969943732366379217403811204493635174268763451675909355167401280125169323494598271765638973199526167861651062861774594006506890137294912773811680362217839584459098859289899101939706533266814020185533693390260201464956515315992679839153563237950035807979655603/10000000000000000000000000000000000000000000000000000000000000000000000000000000000000000000000000000000000000000000000000000000000000000000000000000000000000000000000000000000000000000000000000000000000000000000000000000000000000000000000000000000000000000000000000000000000000000000000000000000000000000000000 -2781363066748958963257343614585466114648161922685011613858082325259344474268682622833400668870513781300447204985858322591972835823691747889586968812825476828962549152657338939699463464404440220512049170203811010515136402933613396746523134942949941089755981924444690715895541876546237548528425300762605709869799/10000000000000000000000000000000000000000000000000000000000000000000000000000000000000000000000000000000000000000000000000000000000000000000000000000000000000000000000000000000000000000000000000000000000000000000000000000000000000000000000000000000000000000000000000000000000000000000000000000000000000000000000
-9284939094675337239572606333702045046069971184361866844068040353053153921718999612420139663551112690763247943286778607700600554562093324210247803818547091564977886879145272589151076139153455265137760235083653371759281658230418909123141497719325742015822426790923262411616974515830875078789503285277475589661089/10000000000000000000000000000000000000000000000000000000000000000000000000000000000000000000000000000000000000000000000000000000000000000000000000000000000000000000000000000000000000000000000000000000000000000000000000000000000000000000000000000000000000000000000000000000000000000000000000000000000000000000000 214068517771338202910566281869191874475058604401456470706623396982013304575538219381168132674524527378671173996942026096538886433227038664211832242162503427195468458349395531347080220154193738996543723900837288455323236327466879406407417380706283333012861176262376917891303500419924705114125198279680262426817/1000000000000000000000000000000000000000000000000000000000000000000000000000000000000000000000000000000000000000000000000000000000000000000000000000000000000000000000000000000000000000000000000000000000000000000000000000000000000000000000000000000000000000000000000000000000000000000000000000000000000000000000
167262633480353056246826337211243444998133789338441280087851454980861454380798639296222046642551850493143856773931691395781419328635643473621212803565146935421792502225540495179070490429403073320518414005222853404166949605834794082249612071949717646724204602131012100233644849580155308116839106578539190131751/1000000000000000000000000000000000000000000000000000000000000000000000000000000000000000000000000000000000000000000000000000000000000000000000000000000000000000000000000000000000000000000000000000000000000000000000000000000000000000000000000000000000000000000000000000000000000000000000000000000000000000000000 1674235393968835215322582037742357926445122663608693044790459684075430220158021957190781729917544711693885878545347909026912954916299354663192435453110899511470678058309088177347522868718342351204875862184927719721434034220534277061508431985971523488539427249600246667577182314263807709478831867655997128090209/2000000000000000000000000000000000000000000000000000000000000000000000000000000000000000000000000000000000000000000000000000000000000000000000000000000000000000000000000000000000000000000000000000000000000000000000000000000000000000000000000000000000000000000000000000000000000000000000000000000000000000000000

0
6118591401753453678236565401556814085320205662462035783179832141236192092323660527674151278389246177367799878616133531901777670495650338886156802894917114027209520764306144869519258073771043951402059145439324294253604321691405720100574893163399884087606850264852261299848532055110016119991640237835335546783903/10000000000000000000000000000000000000000000000000000000000000000000000000000000000000000000000000000000000000000000000000000000000000000000000000000000000000000000000000000000000000000000000000000000000000000000000000000000000000000000000000000000000000000000000000000000000000000000000000000000000000000000000 3571799707002701660784800500399200824615085578503806219112757134743986676658794648801966663126326957654098687395185845456843254118559439555540273116044789000150694547658568937762996478222418344380071967843783263410955882358218909815744113060239849436139380190203238828812031784227816153702814613994285421897683/5000000000000000000000000000000000000000000000000000000000000000000000000000000000000000000000000000000000000000000000000000000000000000000000000000000000000000000000000000000000000000000000000000000000000000000000000000000000000000000000000000000000000000000000000000000000000000000000000000000000000000000000
4 4
1 0
0 0
0 0
0 0
0 0
1 0
0 0
0 0
0 0
0 0
1 0
0 0
0 0
0 0
0 0
1 0

4 0

3 0

