12                                               

1.932940024830588e+00 -1.619636647021139e-10
2.891292570555954e-02 -9.034096387638968e-12
-1.207389637676425e+00 5.981692918766157e-11

2.058213585184618e-01 -3.234197631929447e-12
-2.032022119682242e-02 -7.361212334133782e-14
-5.219258620656898e-01 1.902089596939049e-12

2.510150637531666e-02 -2.999406278902939e-13
-7.526318487572832e-02 2.066020965418858e-13
-3.444652606374389e-01 1.670885652060861e-13

-1.074983560690556e-03 -2.093431764743636e-15
1.414985543990107e-04 1.973220848869306e-15
5.000410682876130e-01 -2.220446049250313e-16

1.705136593892329e+00 1.226796442210798e-13
-2.752619719679453e-03 1.534167758110438e-14
-9.894110458557239e-01 -1.037503416512209e-13

-0.124122524949621221820e2 0.329953089373349883751e-9
0.279757788092682661915e-2 0.276165828844143847783e-10
-0.100214466564677412127e1 -0.180824847134078599276e-9

6.319017388660058e+00 1.061613019714969e-10
-3.030768872057124e+00 -3.879385701566207e-11
-3.014979887726898e+00 -4.139200093788986e-11

-1.728770506293326e+00 -2.963518319631930e-12
-2.869131431159188e-04 2.495342121952224e-13
-9.971117424661230e-01 -2.487288153218969e-12

-0.136447055500499169851e2 -0.819934767217617155310e-9
-0.949946383993779828046e-1 -0.598809315121521384961e-10
-0.366117808655237763607e0 0.386740208237754731074e-9

-1.825452024593646e-01 1.249000902703301e-16
2.279378813852035e-01 -5.037636974236648e-15
-1.811772244655956e-01 -1.443289932012704e-15

-1.535642876813560e-01 1.355610068642932e-12
3.411577863091665e-02 -5.430794702832031e-13
-2.499765798659862e-01 -1.117939074646301e-12

-7.617643996733182e+00 4.507239026452226e-11
7.204063137575123e-01 -6.569522703614439e-12
-6.257031215107278e+00 5.173461659069289e-11

