44                                               

3.759979426511147e-01 -4.382048154649068e-02
1.267581428514153e+00 2.397448963041204e+00
-5.670945081268106e+00 1.509635819209483e+00

2.558947599131862e-01 -1.671132865442423e+00
-1.085870946823198e-01 -8.851982729554583e-02
-3.625408057236718e-01 5.296900954255750e-01

1.932940024830588e+00 -1.619636647021139e-10
2.891292570555954e-02 -9.034096387638968e-12
-1.207389637676425e+00 5.981692918766157e-11

3.177067549816056e-01 -7.903931331832090e-02
-1.283941396034055e-01 -3.525103178166269e+00
3.658223527921185e+09 1.162989331875741e+11

4.092497033184767e-01 -9.033076816761271e-02
1.470162780232484e+00 -3.097874719559801e+00
-6.575536704935569e+10 7.756113017375110e+10

-9.299531818113936e+00 -4.653356866492668e+00
5.675044548318080e-02 -4.872498744416364e-01
-1.205303989762218e+00 3.138111260716819e+00

2.058213585184618e-01 -3.234197631929447e-12
-2.032022119682242e-02 -7.361212334133782e-14
-5.219258620656898e-01 1.902089596939049e-12

-2.590968137329040e+00 4.065618022902516e+00
-2.376549473760643e-01 4.785934196736407e-01
3.439719760467973e-01 -2.794919316402722e+00

-3.108744825623628e-01 1.247611980832798e+00
-1.698673238044336e-01 1.958020695985276e-02
9.055764688677929e-01 1.133230998332638e-02

7.300583374068773e-01 5.900694231438988e-01
-3.631032060210531e-02 1.813896712949174e-02
-7.837701785700473e-01 -2.084106640495758e-01

7.300583374736317e-01 -5.900694230825093e-01
-3.631032059714685e-02 -1.813896712881566e-02
-7.837701785884480e-01 2.084106640299503e-01

-4.882580216729366e-01 -4.356742961255278e-02
4.378836834598618e-01 -1.019111979738112e+00
-7.384329324089282e-01 -5.619985800662068e-01

-5.418238225728607e-01 -6.717181305450612e-02
3.192035281045585e-01 4.140356245415504e-01
7.630611738480693e-02 3.267337476913925e-01

4.359425295876329e-02 1.029638305679861e+00
-1.083881778957840e-01 1.026537663875283e-02
-8.944500195571947e-01 -2.575943927783778e-02

2.558947599827441e-01 1.671132865441317e+00
-1.085870946749782e-01 8.851982729633454e-02
-3.625408057803663e-01 -5.296900954352248e-01

-1.147736364313048e+00 1.321431112292141e-01
-5.344338678967694e-01 -4.382171230655636e-01
7.195909391501336e-01 1.545615711597688e-01

-1.780158295859283e-01 1.198585230406114e+00
-1.473169563948167e-01 1.826867411229599e-02
2.662109080250393e-01 7.827746148834595e-01

-1.581481380355556e-01 1.179622037552120e+00
-1.434730573549855e-01 1.660584969035579e-02
3.845269472963087e-02 9.020582085292057e-01

-0.124122524949621221820e2 0.329953089373349883751e-9
0.279757788092682661915e-2 0.276165828844143847783e-10
-0.100214466564677412127e1 -0.180824847134078599276e-9

-4.882580216707276e-01 4.356742961091845e-02
4.378836834680409e-01 1.019111979739214e+00
-7.384329324129113e-01 5.619985800822778e-01

-9.299531817986463e+00 4.653356866291968e+00
5.675044550123465e-02 4.872498744436649e-01
-1.205303989869879e+00 -3.138111260740377e+00

-3.229691447140330e-01 -1.677974280989208e+00
-1.794728438560654e-01 -8.416414300262323e-02
2.282488486144229e-01 6.205849495047371e-01

-0.136447055500499169851e2 -0.819934767217617155310e-9
-0.949946383993779828046e-1 -0.598809315121521384961e-10
-0.366117808655237763607e0 0.386740208237754731074e-9

-9.727731486290410e-01 2.675944034713801e-01
-5.772014448410303e-01 9.619142765777886e-01
2.161452725642696e-01 -9.167014442976053e-01

-1.147736364314659e+00 -1.321431112386652e-01
-5.344338678935494e-01 4.382171230570538e-01
7.195909391537936e-01 -1.545615711450019e-01

-3.229691446968672e-01 1.677974280954124e+00
-1.794728438536617e-01 8.416414299770081e-02
2.282488486182976e-01 -6.205849494613260e-01

-4.213134869015756e-01 7.014176413734801e-01
-1.397053676399999e-01 -9.234402372083755e-02
1.882677429391547e-02 -9.036046573643233e-01

-5.467908770673556e-01 -2.876739142536525e-02
7.013488593612575e-01 1.911283660254044e-01
6.220869502810878e-01 3.347722059947873e-01

-9.727731486302184e-01 -2.675944034719720e-01
-5.772014448428843e-01 -9.619142765776865e-01
2.161452725669879e-01 9.167014442997735e-01

-5.362319148060064e-01 -9.474514176179495e-02
2.462197453380711e-01 -1.046373441359365e+00
-7.201544621736219e-01 -1.911051419562592e-01

-5.418238225694654e-01 6.717181305544961e-02
3.192035281080525e-01 -4.140356245238431e-01
7.630611739735195e-02 -3.267337476858978e-01

-5.467908770687296e-01 2.876739142622248e-02
7.013488593711079e-01 -1.911283660315531e-01
6.220869502946424e-01 -3.347722060107220e-01

-4.213134869013520e-01 -7.014176413723791e-01
-1.397053676397587e-01 9.234402372103850e-02
1.882677429279217e-02 9.036046573620622e-01

-3.108744825632034e-01 -1.247611980835810e+00
-1.698673238047106e-01 -1.958020695995061e-02
9.055764688678063e-01 -1.133230998312201e-02

-1.535642876813560e-01 1.355610068642932e-12
3.411577863091665e-02 -5.430794702832031e-13
-2.499765798659862e-01 -1.117939074646301e-12

-5.362319148083776e-01 9.474514176378129e-02
2.462197453303381e-01 1.046373441360126e+00
-7.201544621710303e-01 1.911051419420991e-01

-8.724269828979425e-01 -2.629833378818269e-01
-2.703741094649044e-01 3.942965964928439e-01
3.808461686198881e-01 1.295442824357974e-01

-7.617643996733182e+00 4.507239026452226e-11
7.204063137575123e-01 -6.569522703614439e-12
-6.257031215107278e+00 5.173461659069289e-11

-2.590968137125624e+00 -4.065618022961171e+00
-2.376549473622894e-01 -4.785934196561684e-01
3.439719759622031e-01 2.794919316319284e+00

4.359425295923924e-02 -1.029638305679421e+00
-1.083881778957002e-01 -1.026537663873609e-02
-8.944500195569293e-01 2.575943927939081e-02

-1.780158295872873e-01 -1.198585230407468e+00
-1.473169563953084e-01 -1.826867411217632e-02
2.662109080429482e-01 -7.827746148918034e-01

-8.724269828906289e-01 2.629833379019726e-01
-2.703741094591071e-01 -3.942965964755804e-01
3.808461686217680e-01 -1.295442824635888e-01

3.759979426338346e-01 4.382048153062502e-02
1.267581428483230e+00 -2.397448963028665e+00
-5.670945081168419e+00 -1.509635819126889e+00

-1.581481380354342e-01 -1.179622037549430e+00
-1.434730573548187e-01 -1.660584968998796e-02
3.845269471765610e-02 -9.020582085522136e-01

