64

-2.443441747409743e+00 -1.294236465813113e+00;
-2.443441747409743e+00 -1.294236465813113e+00;
-2.443441747409743e+00 -1.294236465813113e+00;
-2.443441747409743e+00 -1.294236465813113e+00;

-6.608367726616485e-01 2.498516880358561e-01;
-6.608367726616485e-01 2.498516880358561e-01;
-6.608367726616485e-01 2.498516880358561e-01;
-2.498516880358561e-01 -6.608367726616485e-01;

-2.429180146562235e-01 5.588894221700889e-01;
-2.429180146562235e-01 5.588894221700889e-01;
-2.429180146562235e-01 5.588894221700889e-01;
2.429180146562234e-01 -5.588894221700889e-01;

4.271099409113689e-01 1.018322969879361e+00;
4.271099409113689e-01 1.018322969879361e+00;
4.271099409113689e-01 1.018322969879361e+00;
1.018322969879361e+00 -4.271099409113691e-01;

3.579071766562528e-01 8.822604554209217e-01;
3.579071766562528e-01 8.822604554209217e-01;
-8.822604554209217e-01 3.579071766562528e-01;
3.579071766562528e-01 8.822604554209217e-01;

-1.984567447227411e-01 5.349715821640428e-01;
-1.984567447227411e-01 5.349715821640428e-01;
-5.349715821640428e-01 -1.984567447227411e-01;
-5.349715821640428e-01 -1.984567447227411e-01;

8.599217639352447e-03 3.775166629800778e-01;
8.599217639352447e-03 3.775166629800778e-01;
-3.775166629800778e-01 8.599217639352470e-03;
-8.599217639352494e-03 -3.775166629800778e-01;

2.110504943302493e-01 3.920274572459820e-01;
2.110504943302493e-01 3.920274572459820e-01;
-3.920274572459820e-01 2.110504943302493e-01;
3.920274572459820e-01 -2.110504943302494e-01;

6.325198753223867e-01 1.064991163069583e-01;
6.325198753223867e-01 1.064991163069583e-01;
-6.325198753223867e-01 -1.064991163069583e-01;
6.325198753223867e-01 1.064991163069583e-01;

4.648618560200863e-01 8.099644847942513e-01;
4.648618560200863e-01 8.099644847942513e-01;
-4.648618560200865e-01 -8.099644847942512e-01;
-8.099644847942513e-01 4.648618560200864e-01;

2.320468183244170e-01 3.729148380028677e-01;
2.320468183244170e-01 3.729148380028677e-01;
-2.320468183244171e-01 -3.729148380028677e-01;
-2.320468183244171e-01 -3.729148380028677e-01;

3.412719946220262e-01 1.953141423580011e-01;
3.412719946220262e-01 1.953141423580011e-01;
-3.412719946220262e-01 -1.953141423580010e-01;
1.953141423580010e-01 -3.412719946220262e-01;

5.643668358244428e-01 -6.060196410000604e-01;
5.643668358244428e-01 -6.060196410000604e-01;
-6.060196410000606e-01 -5.643668358244427e-01;
5.643668358244428e-01 -6.060196410000604e-01;

-2.306777206445131e+00 -2.719276941166455e+00;
-2.306777206445131e+00 -2.719276941166455e+00;
-2.719276941166454e+00 2.306777206445131e+00;
2.719276941166455e+00 -2.306777206445131e+00;

5.656475029292005e-01 9.154807409212197e-01;
5.656475029292005e-01 9.154807409212197e-01;
9.154807409212196e-01 -5.656475029292007e-01;
-5.656475029292006e-01 -9.154807409212196e-01;

6.655227821355810e-01 5.379787053354645e-02;
6.655227821355810e-01 5.379787053354645e-02;
5.379787053354633e-02 -6.655227821355810e-01;
5.379787053354633e-02 -6.655227821355810e-01;

-3.517962204954007e-01 -5.059636715769621e-01;
5.059636715769621e-01 -3.517962204954007e-01;
-3.517962204954007e-01 -5.059636715769621e-01;
-3.517962204954007e-01 -5.059636715769621e-01;

-4.633813305318942e-01 -1.589937311168719e-01;
1.589937311168719e-01 -4.633813305318942e-01;
-4.633813305318942e-01 -1.589937311168719e-01;
1.589937311168719e-01 -4.633813305318942e-01;

-7.387682360105930e-01 2.003284511177747e-01;
-2.003284511177748e-01 -7.387682360105930e-01;
-7.387682360105930e-01 2.003284511177747e-01;
7.387682360105930e-01 -2.003284511177748e-01;

-1.479762478998017e+00 -1.891859673128985e+00;
1.891859673128985e+00 -1.479762478998017e+00;
-1.479762478998017e+00 -1.891859673128985e+00;
-1.891859673128985e+00 1.479762478998017e+00;

-2.618853123246581e+00 -2.344825466065364e+00;
2.344825466065364e+00 -2.618853123246581e+00;
2.344825466065364e+00 -2.618853123246581e+00;
-2.618853123246581e+00 -2.344825466065364e+00;

-7.113304056332633e-01 2.807682746510868e-01;
-2.807682746510869e-01 -7.113304056332633e-01;
-2.807682746510869e-01 -7.113304056332633e-01;
-2.807682746510869e-01 -7.113304056332633e-01;

-2.183866144109201e-01 5.932474027477089e-01;
-5.932474027477089e-01 -2.183866144109201e-01;
-5.932474027477089e-01 -2.183866144109201e-01;
2.183866144109200e-01 -5.932474027477089e-01;

5.243579166508486e-01 9.328164599012795e-01;
-9.328164599012795e-01 5.243579166508487e-01;
-9.328164599012795e-01 5.243579166508487e-01;
9.328164599012794e-01 -5.243579166508489e-01;

5.527525762847152e-01 -5.370516299603123e-01;
5.370516299603123e-01 5.527525762847152e-01;
-5.527525762847151e-01 5.370516299603124e-01;
5.527525762847152e-01 -5.370516299603123e-01;

-1.222116773869072e+00 -3.882757762758850e+00;
3.882757762758850e+00 -1.222116773869072e+00;
1.222116773869072e+00 3.882757762758850e+00;
3.882757762758850e+00 -1.222116773869072e+00;

6.285928785577495e-01 8.120249438530863e-01;
-8.120249438530863e-01 6.285928785577495e-01;
-6.285928785577496e-01 -8.120249438530862e-01;
-6.285928785577496e-01 -8.120249438530862e-01;

6.223743672339332e-01 3.896141284103029e-02;
-3.896141284103026e-02 6.223743672339332e-01;
-6.223743672339332e-01 -3.896141284103022e-02;
3.896141284103018e-02 -6.223743672339332e-01;

5.103893727694173e-02 -4.831880330654557e-01;
4.831880330654557e-01 5.103893727694171e-02;
-4.831880330654557e-01 -5.103893727694164e-02;
5.103893727694173e-02 -4.831880330654557e-01;

-3.131345510096296e-01 -5.470222918755041e-01;
5.470222918755041e-01 -3.131345510096297e-01;
-5.470222918755040e-01 3.131345510096297e-01;
5.470222918755041e-01 -3.131345510096297e-01;

-7.745530225136311e-01 -2.438419064402424e+00;
2.438419064402424e+00 -7.745530225136312e-01;
-2.438419064402424e+00 7.745530225136316e-01;
7.745530225136315e-01 2.438419064402424e+00;

4.734133910065994e-01 -5.569333536958095e-01;
5.569333536958095e-01 4.734133910065993e-01;
-5.569333536958097e-01 -4.734133910065993e-01;
-5.569333536958097e-01 -4.734133910065993e-01;

-4.271021998702239e-01 -1.483127186736326e-01;
4.271021998702239e-01 1.483127186736325e-01;
-4.271021998702239e-01 -1.483127186736326e-01;
-4.271021998702239e-01 -1.483127186736326e-01;

-3.231235113410121e-01 -5.817387176208549e-03;
3.231235113410121e-01 5.817387176208509e-03;
-3.231235113410121e-01 -5.817387176208549e-03;
5.817387176208529e-03 -3.231235113410121e-01;

-3.577523906054235e-01 1.400173825355968e-01;
3.577523906054235e-01 -1.400173825355968e-01;
-3.577523906054235e-01 1.400173825355968e-01;
3.577523906054235e-01 -1.400173825355968e-01;

-6.782787656837290e-01 1.332261745228042e-01;
6.782787656837290e-01 -1.332261745228043e-01;
-6.782787656837290e-01 1.332261745228042e-01;
1.332261745228043e-01 6.782787656837290e-01;

-6.660208774581279e-01 2.019923028363455e-01;
6.660208774581279e-01 -2.019923028363456e-01;
-2.019923028363455e-01 -6.660208774581279e-01;
-6.660208774581279e-01 2.019923028363455e-01;

-3.477258347407483e-01 1.588367433117992e-01;
3.477258347407483e-01 -1.588367433117992e-01;
-1.588367433117992e-01 -3.477258347407483e-01;
-1.588367433117992e-01 -3.477258347407483e-01;

-2.343166829859866e-01 2.866398133080701e-01;
2.343166829859865e-01 -2.866398133080702e-01;
-2.866398133080701e-01 -2.343166829859865e-01;
2.343166829859865e-01 -2.866398133080702e-01;

-2.800850257984672e-01 5.645917518936669e-01;
2.800850257984671e-01 -5.645917518936669e-01;
-5.645917518936669e-01 -2.800850257984671e-01;
5.645917518936669e-01 2.800850257984671e-01;

-1.631292051078262e+00 -2.087482823081405e+00;
1.631292051078262e+00 2.087482823081405e+00;
1.631292051078262e+00 2.087482823081405e+00;
-1.631292051078262e+00 -2.087482823081405e+00;

-7.413155098441458e-01 2.232321831048382e-01;
7.413155098441458e-01 -2.232321831048383e-01;
7.413155098441458e-01 -2.232321831048383e-01;
-2.232321831048382e-01 -7.413155098441458e-01;

-2.557202895618925e-01 6.210118946763111e-01;
2.557202895618924e-01 -6.210118946763111e-01;
2.557202895618924e-01 -6.210118946763111e-01;
2.557202895618924e-01 -6.210118946763111e-01;

6.329120545636857e-01 1.022886175733893e+00;
-6.329120545636858e-01 -1.022886175733893e+00;
-6.329120545636858e-01 -1.022886175733893e+00;
1.022886175733893e+00 -6.329120545636859e-01;

-3.187970513720132e-01 -4.848319389853213e-01;
3.187970513720133e-01 4.848319389853213e-01;
-4.848319389853213e-01 3.187970513720133e-01;
-3.187970513720132e-01 -4.848319389853213e-01;

-4.434225608100221e-01 -1.750133393229036e-01;
4.434225608100221e-01 1.750133393229035e-01;
-1.750133393229035e-01 4.434225608100222e-01;
1.750133393229035e-01 -4.434225608100221e-01;

-7.551744861424153e-01 1.380581980510232e-01;
7.551744861424153e-01 -1.380581980510232e-01;
1.380581980510233e-01 7.551744861424153e-01;
7.551744861424153e-01 -1.380581980510232e-01;

-1.039479638462053e+00 -1.634697290459411e+00;
1.039479638462053e+00 1.634697290459411e+00;
-1.634697290459411e+00 1.039479638462053e+00;
-1.634697290459411e+00 1.039479638462053e+00;

-6.204514012323318e-01 1.830796717483824e-01;
1.830796717483825e-01 6.204514012323318e-01;
-6.204514012323318e-01 1.830796717483824e-01;
-6.204514012323318e-01 1.830796717483824e-01;

-3.355633934592144e-01 1.494095402491117e-01;
1.494095402491118e-01 3.355633934592144e-01;
-3.355633934592144e-01 1.494095402491117e-01;
-1.494095402491117e-01 -3.355633934592144e-01;

-2.341263685850952e-01 2.720782020311714e-01;
2.720782020311714e-01 2.341263685850951e-01;
-2.341263685850952e-01 2.720782020311714e-01;
2.341263685850952e-01 -2.720782020311714e-01;

-2.966789236996369e-01 5.263059481981595e-01;
5.263059481981595e-01 2.966789236996368e-01;
-2.966789236996369e-01 5.263059481981595e-01;
5.263059481981595e-01 2.966789236996368e-01;

-2.488770976198691e-01 5.118880442095930e-01;
5.118880442095930e-01 2.488770976198690e-01;
-5.118880442095930e-01 -2.488770976198691e-01;
-2.488770976198691e-01 5.118880442095930e-01;

-2.160600904134113e-01 2.742395821017565e-01;
2.742395821017566e-01 2.160600904134112e-01;
-2.742395821017565e-01 -2.160600904134113e-01;
-2.742395821017565e-01 -2.160600904134113e-01;

-9.340156100336530e-02 2.756372054674796e-01;
2.756372054674796e-01 9.340156100336525e-02;
-2.756372054674796e-01 -9.340156100336529e-02;
9.340156100336527e-02 -2.756372054674796e-01;

-1.470440245654969e-02 3.863726012700044e-01;
3.863726012700044e-01 1.470440245654962e-02;
-3.863726012700044e-01 -1.470440245654967e-02;
3.863726012700044e-01 1.470440245654962e-02;

4.208797173915132e-01 9.732186140332310e-01;
9.732186140332308e-01 -4.208797173915134e-01;
-4.208797173915133e-01 -9.732186140332310e-01;
4.208797173915132e-01 9.732186140332310e-01;

-2.287158925937722e-01 5.574161419355214e-01;
5.574161419355214e-01 2.287158925937721e-01;
2.287158925937722e-01 -5.574161419355214e-01;
-5.574161419355214e-01 -2.287158925937722e-01;

6.172025835467197e-03 3.936254518643481e-01;
3.936254518643481e-01 -6.172025835467269e-03;
-6.172025835467246e-03 -3.936254518643481e-01;
-6.172025835467246e-03 -3.936254518643481e-01;

2.276301233037778e-01 4.076495939022682e-01;
4.076495939022681e-01 -2.276301233037779e-01;
-2.276301233037778e-01 -4.076495939022681e-01;
4.076495939022681e-01 -2.276301233037779e-01;

-1.768050116712605e+00 -1.439790200158222e+00;
-1.439790200158222e+00 1.768050116712605e+00;
-1.439790200158222e+00 1.768050116712605e+00;
-1.768050116712605e+00 -1.439790200158222e+00;

-6.852663320947497e-01 2.002699928732262e-01;
2.002699928732264e-01 6.852663320947497e-01;
2.002699928732264e-01 6.852663320947497e-01;
-2.002699928732263e-01 -6.852663320947497e-01;

-2.802042805921848e-01 5.803868096284215e-01;
5.803868096284215e-01 2.802042805921847e-01;
5.803868096284215e-01 2.802042805921847e-01;
2.802042805921848e-01 -5.803868096284215e-01;

5.169531866931227e-01 1.140320153556214e+00;
1.140320153556214e+00 -5.169531866931230e-01;
1.140320153556214e+00 -5.169531866931230e-01;
1.140320153556214e+00 -5.169531866931230e-01;

