0
-6.542622256141464e-01 -1.300017944807918e-01
-6.429927382134529e-01 -1.389292893295487e-01
-6.690328333018537e-01 -1.206077550022513e-01
-6.695341425784500e-01 -1.190650470862067e-01

1
-8.399519995849505e-01 6.476366463372750e-01
-8.532359238107350e-01 6.317034620021178e-01
-8.680676240227864e-01 7.108591070848043e-01
-6.812850858236655e-01 -8.568213345032100e-01

2
3.001434876751155e+00 -3.704003580622482e+00
3.034297048382571e+00 -3.513624941259659e+00
3.013216620325356e+00 -3.654448048758064e+00
-3.001755167270471e+00 3.719558907409227e+00

3
-4.143605317009362e-01 -7.252562560741213e-01
-4.032114650191977e-01 -7.171574720037074e-01
-4.648380586854810e-01 -7.195757080315751e-01
-7.185941931074006e-01 4.408357458590882e-01

4
-8.744981410285072e-01 4.447547298927527e-01
-8.981898727090627e-01 4.302146444759453e-01
-4.720292995108629e-01 -8.042530464060168e-01
-8.504792822590913e-01 4.469981919011878e-01

5
-8.518958502234945e-02 6.922945350713080e-01
-9.067913459940337e-02 7.021465594351375e-01
-7.417422195174241e-01 -8.910909268031100e-02
-7.085752954015133e-01 -8.280310275016214e-02

6
7.987354571102575e-01 7.188315082644161e-01
8.175541466499902e-01 7.306793285329027e-01
-7.264102857113445e-01 7.848542118815686e-01
-7.977186803980979e-01 -7.224938923646859e-01

7
-5.186282391570597e-01 -4.556020832037952e+00
-4.740540762131742e-01 -4.760105179353633e+00
4.546182934971080e+00 -2.844626647164966e-01
-4.562591423602210e+00 4.281165176620468e-01

8
-6.764387554798772e+00 -1.508886955849909e+00
-6.504971031122891e+00 -1.724411636274616e+00
6.967921013232554e+00 1.354603486084383e+00
-6.878684796015695e+00 -1.420083389954550e+00

9
6.444231404587092e-01 8.259639995851148e-01
6.056274154406571e-01 8.140720277014218e-01
-5.631474415632370e-01 -8.302684367214698e-01
-8.305833708060844e-01 6.197295957362373e-01

10
6.914379000239079e-01 3.774458672555613e-02
6.732575710893415e-01 5.810009773517942e-02
-6.990684186908677e-01 -2.876522831399631e-02
-6.935298940766147e-01 -3.496109532736938e-02

11
6.176402898411134e-01 -7.562507521433914e-01
6.248213760817071e-01 -7.235676849612012e-01
-6.124374698749956e-01 6.719431072640391e-01
-7.316346577927010e-01 -6.106572690839712e-01

12
-6.108075011409094e-01 -6.705771367770642e-01
-5.977279683282772e-01 -6.367490678682548e-01
-7.540090390094925e-01 6.105621215543288e-01
-6.045475727570088e-01 -7.015108404967302e-01

13
4.111051181854331e+00 9.145867576611206e+00
4.455413668122752e+00 8.828570748150071e+00
8.717132053024548e+00 -3.774183132412246e+00
-8.977570501797166e+00 4.009787306378784e+00

14
7.188644183714533e-01 -5.349005400796201e-01
7.086964261936023e-01 -5.506143847530394e-01
-5.232211083361035e-01 -7.127472683852897e-01
-7.160255588188861e-01 5.338848455180794e-01

15
9.872413565826897e-02 -6.502641227269956e-01
9.033940108489898e-02 -6.468038037067186e-01
-6.518717273327702e-01 -4.958939938939252e-02
-6.523365549599902e-01 -8.335613523143229e-02

16
-4.571923205127846e-01 -2.465751660945179e-01
2.565211179949115e-01 -4.777156200662215e-01
-4.029177586929342e-01 -2.426724475140019e-01
-4.391042335991832e-01 -2.484244056780266e-01

17
-8.946514305986633e-01 -1.741450927036520e-01
2.251435784753377e-01 -9.304485084069406e-01
-9.201165423004484e-01 -9.772859996283498e-02
1.493337181919814e-01 -8.921718720815065e-01

18
-3.172200156453875e-01 -1.110318480000187e+00
1.098623853569747e+00 -2.659297448025563e-01
-2.943476938891721e-01 -1.125714783231643e+00
3.132364644395395e-01 1.110834699795652e+00

19
-2.552459954506157e-01 -4.505136146566106e-01
4.454284312857504e-01 -2.621989542939575e-01
-2.517618298681020e-01 -4.623001203903139e-01
-4.556177298281003e-01 2.553561336695530e-01

20
-7.320322941969237e-01 -1.625666361685663e-01
2.131381936856033e-01 -7.137178295011377e-01
7.797828863113550e-02 -6.717773152415588e-01
-7.097667070103832e-01 -1.297107207991067e-01

21
-6.578625957847822e-01 7.692141808141544e-01
-6.626683631303569e-01 -6.695283281304435e-01
-8.635751773164657e-01 -6.582227995280270e-01
-8.223140045848152e-01 -6.504369327606564e-01

22
2.941206926888297e+00 -5.203022431795701e-01
4.680268945122226e-01 2.818630768395519e+00
4.853502865613337e-01 2.934861125576177e+00
-2.960276272978858e+00 5.188629591431821e-01

23
-3.932537871074100e-01 -9.016247921723095e-01
9.151814023976116e-01 -3.559251838441391e-01
8.809623982251341e-01 -3.413441449305667e-01
-8.921780518355585e-01 3.803269374767714e-01

24
-6.930234489854091e-01 -1.038917611310689e+00
9.870490735884957e-01 -7.031505281171293e-01
7.925129545908094e-01 1.089694190370452e+00
-7.305066857290643e-01 -1.062332340734245e+00

25
2.900377089396737e+00 9.436004148646316e-01
-8.204855191975086e-01 2.913321137874763e+00
-2.863430689561929e+00 -1.109535823555293e+00
-1.012460838421233e+00 2.869302960948973e+00

26
6.955981673489579e-01 -3.690072381981876e-01
3.851660577547104e-01 6.913914377631126e-01
-7.017427585515995e-01 3.830460141162297e-01
-6.934360055631519e-01 3.748235178020535e-01

27
1.594036872642451e-01 -6.590937693643143e-01
6.486982516936424e-01 1.515484937979826e-01
-1.504465635551789e-01 6.411114882141504e-01
-6.552178215124373e-01 -1.556436754443192e-01

28
-3.260039745394056e-01 -4.261122202235008e-01
4.172765093567322e-01 -3.346440873935874e-01
-5.104829575794816e-01 2.610930970899928e-01
-3.011168131178460e-01 -4.539025614899340e-01

29
-6.515167542625584e-01 -1.325428644977361e+00
1.361291097714888e+00 -6.915200452066130e-01
-1.192610650710923e+00 4.975327664656089e-01
1.291562688410427e+00 -6.157440147953939e-01

30
2.530326114076719e-01 -6.236188001824048e-01
6.362132362500089e-01 2.697355889470983e-01
-6.035895307092517e-01 -2.412402511425850e-01
-2.515327589356129e-01 6.215283135772682e-01

31
-2.615026616988497e-02 -4.362845203573214e-01
4.384331177987201e-01 -2.059687449945499e-02
-4.631275544270276e-01 4.247197491539149e-02
-4.473803189589283e-01 3.300310475704218e-02

32
-3.750445456667038e-01 -9.596673019991800e-02
3.722703571258328e-01 9.837852477986599e-02
-3.897119174530911e-01 -8.565141183811638e-02
-3.806492252445266e-01 -9.165830170477968e-02

33
-5.466722309436018e-01 8.241853110536299e-02
5.440595218528679e-01 -7.920698754652522e-02
-5.876915800279786e-01 6.986120108986163e-02
-8.324900262336803e-02 -5.614154385846094e-01

34
-8.920895190871990e-01 -4.719644700243976e-01
8.869503376288274e-01 4.706268063585882e-01
-8.006815422517380e-01 -5.024776396262054e-01
8.743617666150529e-01 4.767319251736703e-01

35
-3.597836027644172e-01 -3.103971887714701e-01
3.586785466541617e-01 3.122428004275468e-01
-3.654088210486330e-01 -2.758531680825605e-01
-3.008282458123072e-01 3.647806338673817e-01

36
-5.158571037292150e-01 3.695559249540177e-02
5.064956380178424e-01 -3.306790003993887e-02
-4.064048131604248e-02 -4.949105403035332e-01
-5.096438616021433e-01 4.058477299704550e-02

37
-4.851204864162893e-01 4.131526348431567e-01
4.771569035549574e-01 -4.278308919994854e-01
-4.173292580995229e-01 -5.012480611750915e-01
-4.159856093075719e-01 -4.954653011718341e-01

38
-1.780530292906578e+00 1.079229059356292e+00
1.830226281532377e+00 -1.096325445268695e+00
-1.117972963749555e+00 -1.708446969675467e+00
1.754344043777740e+00 -1.076226111580260e+00

39
-7.314385432947027e-01 -3.588642387615154e-01
7.256813136596171e-01 3.780375612472662e-01
3.972969396033759e-01 -7.483946608276875e-01
-3.683039091132332e-01 7.355471749552495e-01

40
-7.759804766430597e-01 -2.442013696175762e-01
7.752829735542275e-01 2.446835961619053e-01
7.796774771605388e-01 2.420351955605301e-01
-7.777364340156789e-01 -2.431455738650860e-01

41
-1.118796072346148e+00 1.047365403453631e+00
1.163174470534940e+00 -1.009654687284680e+00
1.081360328433978e+00 -9.564161955749776e-01
-1.024280683120984e+00 -1.097890905742386e+00

42
1.912785670668752e+00 -7.504626828375968e-01
-1.872964928759539e+00 6.001095668381466e-01
-1.956479043898841e+00 8.620528239586301e-01
-1.936214973597618e+00 8.162802469178552e-01

43
-2.364673269383858e-01 -8.007525067474559e-01
2.333792446489414e-01 7.645752981422326e-01
1.802474952552222e-01 7.940626989403418e-01
-8.030511149986422e-01 2.179105551815735e-01

44
-4.026749805743484e-01 -2.623918846066639e-01
3.946659641566342e-01 2.698823170169760e-01
-2.828247374418885e-01 3.982981343109891e-01
-4.036130089342890e-01 -2.698692349959416e-01

45
-9.707598356490753e-01 -2.887109794475946e-01
9.511237275550324e-01 2.812135776111897e-01
-2.453576221655934e-01 9.471691882917366e-01
2.788148246057510e-01 -9.650540659081281e-01

46
-1.032952484903272e-01 -9.116977688500113e-01
1.234156524091731e-01 9.011393450962240e-01
-9.418236718378662e-01 9.434044129280471e-02
9.483863742937744e-02 9.184614108375827e-01

47
-2.030371031879650e-01 -4.411512464179802e-01
2.118421437418713e-01 4.482634431760640e-01
-4.310218749806645e-01 2.079205531592219e-01
-4.347167840793373e-01 2.063166975482196e-01

48
-4.596409290160391e-01 3.623601151614099e-02
5.625890238671570e-02 4.592581701961970e-01
-4.600385385670741e-01 -6.806844086238009e-03
-4.557796344237313e-01 2.196140009252606e-02

49
-4.983805250418837e-01 3.305493344417261e-01
3.361099140553662e-01 5.048317090141029e-01
-4.829802387093224e-01 3.300904341216631e-01
-3.318576248965220e-01 -4.927457675214246e-01

50
-1.694584499302736e+00 5.623698489831179e-01
5.002990836615331e-01 1.651357949123265e+00
-1.656753392981103e+00 5.563127551391623e-01
1.689717555243226e+00 -5.583918706923621e-01

51
-5.762866098673810e-01 -3.103217204854162e-01
-2.703411302792327e-01 5.521554774798159e-01
-6.194874174310826e-01 -3.162945848311292e-01
-3.157749223987575e-01 5.881249283132221e-01

52
-5.218018767627208e-01 2.471548751320294e-01
2.554628947839453e-01 5.269611672077886e-01
-2.136268767474214e-01 -4.206555316207398e-01
-4.940721250056059e-01 2.394786358622648e-01

53
-2.469328044577641e-01 4.510025701126071e-01
4.467127421990314e-01 2.455326888050220e-01
-4.781722527819670e-01 -2.210163898256870e-01
-4.608274765551887e-01 -2.354318611562637e-01

54
-1.683433127740470e-02 1.048780108005034e+00
1.027604436171166e+00 -1.028988270705308e-02
-1.057266058298139e+00 -5.075243747085417e-02
2.060595224316398e-02 -1.050255497543246e+00

55
-1.343844681429837e+00 2.255472990683240e-01
2.735910621237033e-01 1.351080242212933e+00
-4.535999866693866e-02 -1.318737679718876e+00
1.786948869689136e-01 1.332524398024806e+00

56
-1.003204859910366e+00 4.707709243588717e-01
4.689516603869281e-01 1.049319975961254e+00
1.002917931277277e+00 -5.790871388581535e-01
-9.938174940476427e-01 5.106172375650241e-01

57
-5.360436072297840e-02 8.581627242553318e-01
8.657206633935477e-01 6.911665863322144e-02
7.751361071721716e-02 -8.647232104839854e-01
-8.619861187284084e-01 -5.931389290848534e-02

58
9.841792643486398e-01 5.927225640384344e-01
5.956518497694578e-01 -1.009091929231928e+00
-1.002855465156584e+00 -5.818010978812704e-01
-9.925849374534904e-01 -5.948411244941412e-01

59
-3.180482119141928e-01 -2.627956230288550e+00
-2.730715090905501e+00 3.202370412989720e-01
3.112471374311312e-01 2.456754290795395e+00
-2.560803216459405e+00 3.029457647661394e-01

60
-6.137164093374624e-01 -2.302003566262694e-01
-2.262754089502208e-01 5.401640603479952e-01
-3.179786477814440e-01 6.488515724008050e-01
-6.314756118258036e-01 -2.695252792732450e-01

61
-1.144427205262686e+00 6.862278035165031e-01
6.572652819587096e-01 1.093880073921480e+00
6.107627210664412e-01 1.127609094335025e+00
-6.639596509950390e-01 -1.143450441908783e+00

62
1.413013906657974e+00 -2.049418657071207e+00
-1.973018678627998e+00 -1.491431401228159e+00
-2.025166779894170e+00 -1.408777099336823e+00
-1.398769539064495e+00 2.056862903438068e+00

63
-2.321791259314432e-01 -7.322026345974125e-01
-7.218143122303553e-01 1.565445405537371e-01
-7.562180454261395e-01 2.948422943181422e-01
-7.476161573428342e-01 2.670837575801844e-01

