20                                               

4.293786944151600e-02 3.862248846367595e-01
4.427608624266032e-02 4.768807236966262e-01
-6.308867796909983e-01 -2.949424304903409e-01

-5.426811756728439e-01 3.581841973002377e-01
-8.137842535355345e-02 -5.547744129750133e-02
2.338547033536230e-01 1.145954400024549e-01

2.619365178643793e+00 1.678638594454454e-01
-2.930977363114827e-01 3.077170174033170e+00
3.506307478305909e-01 2.622696121119405e-02

4.293786944149147e-02 -3.862248846367355e-01
4.427608624262927e-02 -4.768807236966007e-01
-6.308867796909671e-01 2.949424304903361e-01

2.510150637520675e-02 -9.571510251049631e-14
-7.526318487563177e-02 7.863848461298062e-14
-3.444652606372877e-01 5.723199691942682e-14

-1.074983560727770e-03 -1.090842910791978e-14
1.414985544035078e-04 1.683284859155948e-15
5.000410682875913e-01 -4.329869796038111e-15

1.705136593893015e+00 7.277511926417901e-14
-2.752619719619904e-03 8.553162518520896e-15
-9.894110458560867e-01 -5.788425294639410e-14

-3.793739976060110e-01 -4.154473333174259e-01
-1.199356404823354e-01 -5.527323955125491e-02
-2.412955143384551e-01 -4.688718155918295e-02

-5.426811756728435e-01 -3.581841973002267e-01
-8.137842535355233e-02 5.547744129749949e-02
2.338547033536194e-01 -1.145954400024440e-01

-3.793739976069895e-01 4.154473333179520e-01
-1.199356404823001e-01 5.527323955137744e-02
-2.412955143380310e-01 4.688718155930080e-02

-1.277136233968765e-01 -9.797224738075966e-02
-1.439481043771695e-01 1.112934547204893e-01
-3.627549861039546e-01 -1.565332920143733e-02

2.619365178644722e+00 -1.678638594488917e-01
-2.930977363152738e-01 -3.077170174034468e+00
3.506307478307276e-01 -2.622696121172424e-02

6.319017388641658e+00 3.790989744345552e-11
-3.030768872049798e+00 -1.370903390807143e-11
-3.014979887719430e+00 -1.469213639637701e-11

-2.484226164664295e-01 7.324515843876199e-02
-1.257843823279373e-01 -1.803386271582717e-01
-3.057295297961197e-01 -6.260913528547320e-02

-1.728770506293571e+00 -2.089328710042082e-12
-2.869131430978905e-04 1.751819175832559e-13
-9.971117424662990e-01 -1.782740621791845e-12

-5.659309661689093e-01 1.446181013301882e+00
1.082905223064568e+00 7.601996975333501e-01
-3.050385100008908e-01 -8.423740357167080e-01

-2.484226164664814e-01 -7.324515843843440e-02
-1.257843823279485e-01 1.803386271582675e-01
-3.057295297959250e-01 6.260913528518569e-02

-5.659309661688543e-01 -1.446181013301773e+00
1.082905223064493e+00 -7.601996975333066e-01
-3.050385100008978e-01 8.423740357166346e-01

-1.277136233968723e-01 9.797224738075593e-02
-1.439481043771673e-01 -1.112934547204912e-01
-3.627549861039581e-01 1.565332920143850e-02

-1.825452024593719e-01 1.665334536937735e-16
2.279378813851972e-01 -2.997602166487923e-15
-1.811772244655694e-01 -8.743006318923108e-16

