4
0
0
52
7.064604652141926e-12 -4.657249087249016e-12
4.076741656929006e-12 -2.682355666793271e-12
2.086605020712451e-11 -1.390689690142222e-11
-1.263261821898748e+00 -7.973354919320504e-02
1.113698720354866e-15
8.223750079852845e+13
2.774333494253559e-16
5.960464477539063e-09
1.332914928731468e-09
0.000000000000000e+00
2
1
1
52
1.832818221367586e-01 1.687152557992883e-01
7.630677179915300e-02 5.540509136937263e-02
-1.721615811419207e-01 6.532691393802165e-01
-1.294079741117419e+00 -6.800861462994969e-01
1.414874284943366e-15
2.677256464951749e+15
4.947547339989841e-13
9.536743164062501e-08
1.354413422444521e-09
0.000000000000000e+00
1
1
2
52
-7.406548144213784e-03 -2.870800825401671e+00
1.108456696208646e+00 -1.261266642362489e-01
1.368701642242027e+00 -1.306398649700914e-01
-8.420482795903160e-01 1.813334793183118e+00
1.361541416282449e-15
4.535938841684287e+02
1.145644772403880e-14
9.536743164062501e-08
4.546526383175115e-10
0.000000000000000e+00
1
1
3
52
-2.846866459553871e-01 8.645992885901626e-01
1.372010465637329e+00 6.969956377389483e-01
1.074474754794902e-01 -6.868391208314110e-02
-3.547591536300050e-01 -4.642482193472555e-01
2.482534153247273e-16
7.317076145691600e+15
4.574548764449513e-13
2.384185791015625e-08
4.220359272617706e-10
0.000000000000000e+00
1
1
4
52
-8.727608851826119e-01 -4.945662985367773e-01
6.507767359053170e-01 -4.421733675607374e-02
4.358663375153783e-02 8.866556738233201e-02
-1.474241953118177e-01 -2.156710726874508e-01
2.775557561562891e-17
6.732078006570079e+04
3.482033525279498e-15
2.384185791015625e-08
2.586448951861233e-11
0.000000000000000e+00
1
1
5
52
8.645308952348348e-02 4.443842308312052e-01
1.518561602199653e-01 1.178516929446059e+00
-1.392785105760923e+00 1.357828564255372e-01
1.865826344700771e-02 1.580821770059877e-01
5.508934962887449e-15
3.701727750587242e+02
4.148060938148407e-16
6.103515625000000e-06
1.219134615791623e-09
0.000000000000000e+00
1
1
6
52
6.984086061858296e-01 6.948217709572155e-02
1.349981948777619e+00 1.343048809068633e-01
2.019303615360524e-02 2.008933012310577e-03
-8.432513140444771e-01 -8.389206054965657e-02
3.330669073875470e-16
2.194784354922462e+15
5.276008466533941e-11
5.960464477539063e-09
1.876409178919119e-10
0.000000000000000e+00
1
1
7
52
3.217476632344507e-12 -4.468467804975840e-12
2.317612275053518e-12 -2.558674273974923e-12
2.719598157785441e-11 -1.595011709515370e-11
-1.263261821902444e+00 -7.973354919171463e-02
2.190467900598281e-16
7.668045464092834e+13
2.812792050992119e-16
5.960464477539063e-09
2.124177662185390e-09
0.000000000000000e+00
2
1
8
52
-1.486265579195615e-01 7.494561004760592e-02
1.730906073551390e+00 -5.346671397610941e-03
2.808261571605746e-02 7.667146844099999e-02
-5.604747960377220e-02 -5.567389178453270e-01
1.000741510621680e-16
5.612849690917440e+15
2.438103175440893e-12
9.536743164062501e-08
5.495662820127347e-11
0.000000000000000e+00
1
1
9
52
-3.920703400798336e+00 -7.424957497694414e+00
-3.036050003721980e+00 1.195461363023568e+00
-3.714412506822530e+00 1.540959816656659e+00
4.663454953310519e+00 3.527925734799542e+00
8.468576128097373e-14
1.061851661427958e+02
4.752146066253027e-14
9.536743164062501e-08
2.371778711206802e-09
0.000000000000000e+00
1
1
10
52
3.288152731877888e-01 -5.092552660115448e+00
6.767720622611684e-02 -1.048156106815830e+00
-6.681599083958644e-03 1.034817965101357e-01
-1.716171949170567e-01 2.657934937235581e+00
1.304175984494196e-16
1.829249905720812e+16
1.770994324667664e-11
5.960464477539063e-09
7.817990904937152e-11
0.000000000000000e+00
1
1
11
52
-2.122202501307890e+00 -2.636813770971491e+00
-5.327047961631209e-02 -6.618799768207070e-02
1.597237191996712e-01 1.984550023270722e-01
7.310250377382769e-01 9.082907428695625e-01
7.389696362769998e-15
2.405796836546214e+04
4.927715291426052e-14
5.960464477539063e-09
5.033935069461481e-09
0.000000000000000e+00
1
1
12
52
-9.967047764215743e-01 -3.116238092890285e-01
1.071441249548641e-03 3.349904721279440e-04
-1.410322850301996e-04 -4.409431853378966e-05
-4.983933211691902e-01 -1.558247025007301e-01
1.144391699630559e-16
4.150216866944511e+04
1.673161240207828e-16
2.384185791015625e-08
6.110364861694947e-11
0.000000000000000e+00
1
1
13
52
-4.966519821003833e-02 -1.997669702892058e-01
9.408571408799400e-01 3.156701299970135e-01
1.074103375193695e-01 2.370617176346408e-02
-5.754160004282688e-01 7.009598229774350e-02
1.185718710066887e-16
8.219891314739760e+15
2.006080109950276e-12
2.384185791015625e-08
3.785755813452671e-11
0.000000000000000e+00
1
1
14
52
8.651284092702033e-01 7.027252515824500e-02
1.475162109063072e+00 1.198242541926541e-01
-2.381369519361162e-03 -1.934335384906715e-04
-8.559676042158404e-01 -6.952841261181744e-02
1.198341151251901e-16
2.816885794918470e+05
4.020925721615528e-13
5.960464477539063e-09
3.023688731419412e-10
0.000000000000000e+00
1
1
15
52
-1.778096320763342e+00 -5.533621289249688e-01
4.446706885157971e-01 9.486365778166952e-01
1.826710035593733e-01 1.646489852340420e-01
4.031010756550243e-01 2.168937245357189e-01
4.838424509287834e-15
2.015930915657583e+04
5.227354734909783e-16
2.384185791015625e-08
7.827622661755342e-09
0.000000000000000e+00
1
1
16
52
-5.145695184605138e-01 -4.679590813362744e-01
7.437978892087966e-01 -4.965065589321777e-01
9.657128267355038e-02 6.941557912988248e-02
-4.606789901440773e-01 -4.296039937424579e-01
5.094515309696261e-16
4.297456220792762e+15
3.444629281636748e-13
3.814697265625000e-07
3.684107365090781e-09
0.000000000000000e+00
1
1
17
52
9.093320863711435e-01 -8.068037982568355e-01
1.139935722914853e+00 -5.244477980292134e-02
-1.838355201880210e-02 4.578964940611738e-02
-8.808538870577419e-01 4.428342530337262e-01
5.551115123125783e-17
1.417898201541725e+16
2.420885228935785e-12
2.384185791015625e-08
1.964314136292781e-10
0.000000000000000e+00
1
1
18
52
1.343438070224021e+00 1.286807040122044e+00
1.740093651713883e+00 1.467224813869266e-01
-2.543931643338173e-02 -7.109295516203722e-02
-1.321131005896340e+00 -7.285741633650509e-01
2.482534153247273e-16
4.909224431268177e+15
3.934281550290836e-11
2.384185791015625e-08
4.344888065441945e-10
0.000000000000000e+00
1
1
19
52
-1.518651475318590e-01 -6.548488904374430e-01
4.561929355494992e-02 3.263515978662585e-01
-7.338636193496293e-01 -1.319800531000784e-01
-2.558819203622428e-01 5.689099837173318e-01
5.551115123125783e-17
2.163269609954680e+16
2.364945754759646e-12
3.814697265625000e-07
1.169607162704170e-10
0.000000000000000e+00
1
1
20
52
-8.548644973386785e-01 1.224599641199834e-01
4.714118075423838e-01 -8.928927668951077e-03
-3.235785513346195e-01 -3.148547034357960e-01
-1.052431937163782e-01 -2.699686365826272e-01
1.000741510621680e-16
1.867971545689725e+16
1.126182829659975e-12
9.536743164062501e-08
1.274656135104781e-11
0.000000000000000e+00
1
1
21
52
-9.534271227319739e-01 -2.177530330162776e-01
4.394112565419389e-01 4.596730006036179e-01
8.966877904380914e-02 -3.517329828998217e-02
-2.479169215861477e-01 5.833582969936223e-02
6.546139416680338e-17
6.955778097785226e+04
1.263490138867447e-15
2.384185791015625e-08
3.006401395742179e-11
0.000000000000000e+00
1
1
22
52
6.033950025166475e-01 -9.683471270661392e-01
1.023351849595789e+00 5.790642384376865e-01
-5.546043689784384e-02 1.111514576360461e-01
-5.646507508220728e-01 8.505949898148983e-01
1.241267076623637e-16
1.312448943939873e+16
7.738103337666895e-13
3.814697265625000e-07
5.536383491842005e-12
0.000000000000000e+00
1
1
23
52
1.373375219909368e-01 -6.806381470104179e-01
1.172580729157140e+00 5.533751144364671e-02
4.533688871991010e-02 8.606561264193849e-02
-4.103177409160670e-01 1.740127770924894e-01
2.775557561562891e-17
1.479515769266957e+16
1.301288241658929e-11
2.384185791015625e-08
4.475700051475049e-10
0.000000000000000e+00
1
1
24
52
-6.166070065161849e-01 -3.270996751177374e-01
7.509262526238011e-01 2.939438236411366e-01
1.861949888813575e-01 4.450208930174503e-01
-3.931477751979540e-01 -3.306817101297967e-01
7.850462293418876e-17
4.281155712078046e+15
1.774604494396880e-12
3.814697265625000e-07
2.327208361425766e-10
0.000000000000000e+00
1
1
25
52
-1.437062234874747e+00 -7.327154120645972e-01
1.134041696898736e+00 -1.592006627966334e+00
2.250893736716290e-01 8.168818276085399e-02
1.909893820701535e-01 -1.319952672634649e+00
2.694578982019247e-16
3.340748350311894e+16
4.849919260363383e-12
2.384185791015625e-08
4.119963416615192e-11
0.000000000000000e+00
1
1
26
52
-1.111047457538167e+00 -1.293475396468586e+00
9.588734196725911e-01 2.912922854065112e-02
2.047487638688922e-01 9.372260785010091e-02
3.287381834773449e-01 2.600159272118845e-01
2.511941623147675e-15
2.157700406508731e+04
6.900537195278305e-15
2.384185791015625e-08
6.741824993870846e-09
0.000000000000000e+00
1
1
27
52
-3.173082874717347e+00 -1.851031132555877e+00
2.238962312404775e-01 5.472759533205950e-01
6.627669143845452e-01 -8.669093256717149e-02
1.122076834444781e+00 7.211400835896883e-01
1.570092458683775e-16
2.802426668501402e+03
3.563930447320714e-14
5.960464477539063e-09
5.497593436482408e-12
0.000000000000000e+00
1
1
28
52
2.628995775125675e-01 -4.146559097374851e-01
6.190242574650027e-01 -1.130266588814360e+00
-1.353022068978493e+00 -6.874520301941279e-01
8.130551100671662e-02 -1.522861687456859e-01
7.740744937874822e-15
2.771476090632527e+02
4.060983797426649e-16
6.103515625000000e-06
1.037338226191431e-09
0.000000000000000e+00
1
1
29
52
-2.240895835284545e+00 -9.846978952058586e-01
1.515964841395917e+00 -2.487681972502070e+00
3.378599219399879e-01 1.040656381841730e-01
8.020863358517497e-01 -2.059282770268792e+00
2.482534153247273e-16
1.762031368422396e+16
1.739181382392819e-11
9.536743164062501e-08
1.611994588334050e-10
0.000000000000000e+00
1
1
30
52
-1.402563629340005e-01 -5.510875171196968e-02
1.740897390619470e+00 6.840237409522572e-01
-3.923781108824437e-04 -1.541710230019030e-04
1.405571660177835e-01 5.522694154657706e-02
1.608319271719234e-16
3.338456210086954e+15
1.429133727857426e-11
9.536743164062501e-08
9.923979850006729e-10
0.000000000000000e+00
1
1
31
52
1.354015833143508e-01 2.614747179138753e-02
8.556049594120034e-01 1.652263289239281e-01
-4.103709039350332e-01 -7.924694358999372e-02
-4.082330504577502e-01 -7.883410156773388e-02
3.989796994700302e-15
3.214992696168159e+03
5.011039078261050e-16
6.103515625000000e-06
5.629549789642260e-09
0.000000000000000e+00
1
1
32
52
-9.175951833043372e-01 -1.533435882885007e+00
3.402681504910517e-01 3.137307496260318e-01
-1.611185785956880e-01 3.583601410123327e-01
1.845288492916728e-01 5.262664724157305e-01
1.001621402719804e-15
4.794552718644662e+03
2.766123583369424e-15
2.384185791015625e-08
3.496465053313547e-09
0.000000000000000e+00
1
1
33
52
-6.822180004349854e-01 8.002573987583363e-01
2.982332533486635e-01 -4.204545790587598e-01
-1.114284032909363e+00 -3.448368795489588e-01
5.402871680929493e-02 -9.743419652029369e-01
1.185718710066887e-16
9.098796806184854e+15
6.334433113024632e-12
3.814697265625000e-07
1.492183685658304e-10
0.000000000000000e+00
1
1
34
52
-9.445763769277670e-01 -7.785357215409395e-01
1.632955781372736e+00 1.345909593497934e+00
2.710113773367488e-04 2.233721307158223e-04
9.418481970895615e-01 7.762871098796275e-01
3.079536608855440e-15
1.623525374271502e+04
9.309574473626404e-15
9.536743164062501e-08
8.078555077212451e-09
0.000000000000000e+00
1
1
35
52
-6.520963658316535e-02 -1.197876687439483e-01
1.163833861074267e+00 8.105255267073356e-01
5.466585063019506e-02 -3.857139080697319e-02
-2.973095970444404e-01 3.490156499588488e-01
1.241267076623637e-16
4.531801522530505e+15
1.049139754643116e-11
9.536743164062501e-08
3.544213977850604e-11
0.000000000000000e+00
1
1
36
52
-5.001769370633612e-01 4.661602940983863e-01
9.437467018515295e-01 6.887286448151430e-01
1.290021589759633e-01 -4.156615042211969e-02
-4.034568725516292e-01 -2.040017287791783e-01
5.551115123125783e-17
3.742489343543668e+15
4.950123163579023e-12
2.384185791015625e-08
7.787000252681942e-11
0.000000000000000e+00
1
1
37
52
-1.214425849714323e-01 -4.464801461751226e-02
1.657048313283755e+00 6.092090128865513e-01
1.153639445364517e-02 4.241322006389021e-03
4.446229303547936e-02 1.634643325611259e-02
9.687693465597763e-17
4.223068897843188e+15
1.336551017607630e-11
9.536743164062501e-08
9.543268028128301e-10
0.000000000000000e+00
1
1
38
52
-3.468635199298005e-01 -4.516265626298205e-01
8.494345669406606e-01 -2.460379797928989e-01
-3.229394111332593e-02 -7.527543064825176e-01
-2.746317589062958e-01 4.299523168675933e-01
2.775557561562891e-17
2.781900445929723e+03
9.349048300481736e-16
1.525878906250000e-06
9.887861512917646e-11
0.000000000000000e+00
1
1
39
52
-7.799863275367576e-01 -5.682155238611857e-01
9.108010498755562e-01 3.440248282140705e-01
9.967838597842272e-01 -4.223051626389719e-01
-6.894743487561262e-01 5.921974937027905e-01
1.110223024625157e-16
5.843923492473460e+15
3.407093927238932e-13
1.525878906250000e-06
9.193298960581904e-12
0.000000000000000e+00
1
1
40
52
-6.988738047687412e-01 -1.023735187624361e-01
7.885949245238483e-01 2.098491691493179e-01
4.183636595238202e-01 -2.515465925049342e-01
-5.187262694292581e-01 3.435197679058553e-02
6.206335383118183e-17
1.194600519843143e+16
6.936044597381289e-13
3.814697265625000e-07
2.332592263762042e-10
0.000000000000000e+00
1
1
41
52
-1.537810266474808e-01 -5.786466425180848e-01
1.020620710584159e+00 -7.115559636432453e-02
7.630081695359332e-02 9.090851020664116e-02
-3.941997397237783e-01 -3.664123927496005e-02
6.938893903907228e-18
2.478514489427594e+16
2.249143637891440e-12
2.384185791015625e-08
9.277982464218533e-11
0.000000000000000e+00
1
1
42
52
-2.661768574467911e+00 -5.122027737720215e-01
6.237271403800373e-01 3.222044141851826e-01
4.271788610880933e-01 -4.155925810069862e-01
8.458498274541837e-01 -1.005551559122861e-02
4.857225732735060e-17
1.464617940679183e+03
3.744499775922058e-15
5.960464477539063e-09
3.773217868036840e-12
0.000000000000000e+00
1
1
43
52
-2.039934081558125e-01 -6.189404449737778e-01
5.200809211587002e-01 1.176833818500913e-01
-2.865647704991301e-02 1.053068745329724e-01
-5.631180065616107e-01 1.726767416228971e-01
1.664237298411541e-15
9.605212705333180e+15
1.104784452269832e-14
1.525878906250000e-06
6.402838064216231e-09
0.000000000000000e+00
1
1
44
52
-5.559580672578963e-01 -2.110743829402625e-02
3.033855932695362e-01 2.753481803493586e-02
-3.858863261342994e-01 -1.210630347495812e-01
-3.387880748656622e-01 -1.992499705418984e-01
5.986696604123474e-17
5.793510593430255e+15
1.124327285125187e-12
3.814697265625000e-07
6.342754832966675e-10
0.000000000000000e+00
1
1
45
52
-1.214651319570641e+00 -2.189886649372575e-01
1.122980047464809e+00 5.380601883920054e-01
4.904501734235290e-01 1.294791019165185e+00
-6.179391510734757e-02 -1.160805983641914e+00
2.237726045655905e-16
1.349189546977075e+16
5.234424098792808e-13
1.525878906250000e-06
1.688915930829990e-11
0.000000000000000e+00
1
1
46
52
-2.013970596499244e-01 -8.324941758094552e-01
2.912075222988650e-02 4.654913389265636e-01
-9.206877283907151e-01 5.760030422678335e-03
-1.405692647043573e-02 6.380124091138267e-01
8.326672684688674e-17
7.093221713973181e+15
3.129079739878517e-12
3.814697265625000e-07
1.273696914649078e-10
0.000000000000000e+00
1
1
47
52
-5.195695478683202e-01 -5.037644729704216e-01
3.153539315175728e-01 2.380511638822290e-01
-3.744248709662392e-01 5.431690512401624e-02
-2.042431891269227e-01 1.313205945480227e-01
6.206335383118183e-17
1.139483268677776e+16
1.565854413166914e-12
9.536743164062501e-08
5.472337619521206e-12
0.000000000000000e+00
1
1
48
52
-4.636927370107387e-01 -2.378330358645972e-01
2.603847943971394e-01 1.167057038088348e-01
-3.706670117332030e-01 -7.817909325580442e-02
-3.680770907158349e-01 7.278612524455724e-03
5.647850449853784e-17
1.540329893140939e+16
3.913191892180466e-13
3.814697265625000e-07
2.500815776365409e-10
0.000000000000000e+00
1
1
49
52
-6.162312834522206e-01 1.836490411893728e-01
6.143341221067344e-01 7.872493026148988e-01
-5.277101299017025e-01 6.673333412056973e-01
3.327308853802384e-02 -5.751172630639882e-01
1.831920557255352e-16
2.485648652844393e+03
9.404201745368339e-16
1.525878906250000e-06
1.554598693412070e-10
0.000000000000000e+00
1
1
50
52
-1.095542366993749e+00 -2.245849860421848e+00
3.599466433788432e-01 1.794928754846236e-01
-9.224714275625524e-02 4.452125249388492e-01
4.325684833173026e-01 7.975443495842274e-01
1.570092458683775e-16
6.450269778828591e+03
2.362483995432976e-14
5.960464477539063e-09
3.292732830069214e-12
0.000000000000000e+00
1
1
51
52
-1.288535155539644e+00 -6.466707093747036e-01
2.352159108440027e-01 1.180466355673507e-01
-2.937059734440540e-01 -1.474007514487287e-01
2.334532231069829e-01 1.171620042676908e-01
5.551115123125783e-17
2.482307705028107e+04
1.903990104999846e-15
5.960464477539063e-09
3.841932184978296e-11
0.000000000000000e+00
1
1
52
52
-6.421175177891750e-01 1.217174425559356e-01
3.514740906975380e-01 7.632746613244211e-01
1.114580370308716e-01 -8.103022336468048e-03
-5.801071745686351e-01 1.175011265854304e-01
4.181271240212782e-16
1.334502837177472e+16
2.198647051711125e-13
3.814697265625000e-07
3.997771502066298e-09
0.000000000000000e+00
1
1
53
52
-1.643523880680811e+00 -1.084044578501692e+00
2.523865740282316e-01 1.664705335099143e-01
-5.607009688948324e-02 -3.698302486535228e-02
4.108424786168395e-01 2.709857561582983e-01
1.169386616271208e-15
4.339320178292553e+15
3.234962532509927e-13
5.960464477539063e-09
4.716892182155822e-09
0.000000000000000e+00
1
1
54
52
-1.134841850928361e+00 9.757493605597554e-01
5.160909072347462e-01 -6.307487000258084e-01
-1.300418687850389e+00 -9.472196138816316e-01
6.307907027414780e-01 -9.195643689956272e-01
1.570092458683775e-16
3.485870087357988e+16
4.877514049747480e-12
3.814697265625000e-07
1.539629689527932e-10
0.000000000000000e+00
1
1
55
52
-8.313679521003817e-01 6.459898516743233e-02
7.422962908762128e-01 1.622780213355474e-01
1.993092097020421e-01 -3.452714470231563e-01
-3.249917284617283e-01 -8.309668880945406e-02
1.185718710066887e-16
6.310363275514018e+15
1.083267687291282e-12
9.536743164062501e-08
3.124775873281912e-10
0.000000000000000e+00
1
1
56
52
-6.241487206575243e-03 -7.172783455437748e-01
4.754542752210902e-02 5.463971082887248e+00
-4.496406798395655e-03 -5.167318488570382e-01
3.905318034441096e-02 4.488032998037062e+00
3.623241947856819e-15
5.536512426083105e+15
1.342632455181424e-11
2.384185791015625e-08
3.496411174708726e-10
0.000000000000000e+00
1
1
57
52
-1.499254064046349e-01 1.768684019717090e-01
1.107531313654226e+00 1.512790403991682e-01
1.202785678953551e-01 2.971966218036911e-02
-5.459030513987093e-01 -3.581916406376416e-01
5.177045452223311e-18
6.989081180186058e+15
2.926819747757655e-12
2.384185791015625e-08
3.186808107841935e-11
0.000000000000000e+00
1
1
58
52
7.170771504368717e-01 2.640489544072772e+00
2.750009623008417e+00 -6.232199330945737e-01
-5.061706606605949e-02 -2.935589174625188e-01
-7.094072013186181e-01 -2.343314419019588e+00
2.623633084584645e-16
1.079959325794821e+16
2.766919385670466e-12
3.814697265625000e-07
1.862095007204539e-11
0.000000000000000e+00
1
1
59
52
-1.005133038825927e+00 -3.302212456396490e-01
-2.168687160372954e-01 1.263522223920526e+00
1.420404357305227e-01 6.700963677029882e-02
-5.260661873507029e-01 6.988841297222768e-01
2.333553171379106e-15
3.104370981732881e+15
7.770763992987949e-13
9.536743164062501e-08
2.409267789434721e-09
0.000000000000000e+00
1
1
60
52
-5.528395159118386e-01 -4.995417150482805e-01
6.136832585295746e-01 2.904260900590082e-01
-4.749410625671029e-02 3.530458858566013e-01
-2.752595845339054e-01 -1.186313498220982e-01
5.721958498152797e-17
8.316442004613613e+15
2.088703576763921e-13
9.536743164062501e-08
1.349513698375372e-10
0.000000000000000e+00
1
1
61
52
-6.119140970621016e-01 5.932133280062256e-01
6.738979552778580e-01 1.792785669849325e-01
3.070797826086508e-02 -1.393816959722553e-01
-5.475506945869749e-01 -5.417601345766294e-01
1.110223024625157e-16
1.062907130945580e+18
1.966556586611979e-13
3.814697265625000e-07
1.970633362242149e-12
0.000000000000000e+00
1
1
62
52
1.702266389128804e-01 -1.312120535588475e-01
6.975464138280887e-02 -4.187604889878802e-02
-9.879807562005867e-02 -5.744316412257615e-01
-1.163428336584863e+00 4.871161182388440e-01
7.354883043372685e-16
4.250028443738278e+15
4.601613646274580e-13
9.536743164062501e-08
7.717371338594639e-10
0.000000000000000e+00
1
1
63
52
-1.097675320523595e+00 -5.999572162005854e-01
-5.341274457098349e-01 1.389724114805194e+00
1.475240348655481e-01 1.043055274712224e-01
-5.834049056362367e-01 9.670970615354924e-01
1.110223024625157e-16
1.065784630573502e+16
3.028312927227337e-12
9.536743164062501e-08
9.316633142583268e-11
0.000000000000000e+00
1
1
-1

2 0
1 4
-5190504970050337640588816966803445839896952937772787031064882279424403136992074960862102393917058393434915401089861407554133984621325640868909577304655450970483036798381472300409878201864047319924612154408129034241746399127433787624404593803023183517525794955460649766016066211168461410750309790264508833242217/10000000000000000000000000000000000000000000000000000000000000000000000000000000000000000000000000000000000000000000000000000000000000000000000000000000000000000000000000000000000000000000000000000000000000000000000000000000000000000000000000000000000000000000000000000000000000000000000000000000000000000000000 2606611718024867597637255612587481568906946874915411287286878623057604915339018784737813678437312711212233336591545004654848455613676235881871714145761131232791438033686433892546417949085804795389193425072225123572196156848559551528527190976671594995927698485682714422881842320346138749244687193099297947838481/10000000000000000000000000000000000000000000000000000000000000000000000000000000000000000000000000000000000000000000000000000000000000000000000000000000000000000000000000000000000000000000000000000000000000000000000000000000000000000000000000000000000000000000000000000000000000000000000000000000000000000000000
5192906840696340444575577557486768144486969994990869914441121842906516946766940309101016075338353561497737483454468503395893966991645536965459980310085313752759468789062879805639636108905054198054135615700188906301388622695392208151084941339409278179070624974512024007569336882502565062652261560036672626178873/10000000000000000000000000000000000000000000000000000000000000000000000000000000000000000000000000000000000000000000000000000000000000000000000000000000000000000000000000000000000000000000000000000000000000000000000000000000000000000000000000000000000000000000000000000000000000000000000000000000000000000000000 -223129939200638758591489717004664864619420984072514045805935958659695955883459494033642799384253395319787428678299966178537546484380425657620863790693660279227316635600834885566965376561082893194966052643028972168715188577881279658731731848254756367798035543572789906098050283221281404282802294706129697476783/1250000000000000000000000000000000000000000000000000000000000000000000000000000000000000000000000000000000000000000000000000000000000000000000000000000000000000000000000000000000000000000000000000000000000000000000000000000000000000000000000000000000000000000000000000000000000000000000000000000000000000000000
-408389610627511910049862738076465694666639633572845882745015308998503670812068808230094978169334639358950725727283559445005572003194180801125774833148809238587585752975552277350608162439082609929014567019431096418690621250122704779201490034883426979559165458660257933646639440750209388295323743259176198158599/625000000000000000000000000000000000000000000000000000000000000000000000000000000000000000000000000000000000000000000000000000000000000000000000000000000000000000000000000000000000000000000000000000000000000000000000000000000000000000000000000000000000000000000000000000000000000000000000000000000000000000000 294959967130529255415218871750851852238128980409092965580391345321575160352460885338434296104604736154712917616208064011498846378683944220204442902968223622664795024016965552126509018160488226151253154094847439315991043787148503964088039579635814218879885543179868905147947844907207970524216442214714155499963/2500000000000000000000000000000000000000000000000000000000000000000000000000000000000000000000000000000000000000000000000000000000000000000000000000000000000000000000000000000000000000000000000000000000000000000000000000000000000000000000000000000000000000000000000000000000000000000000000000000000000000000000
-7884604832773732119952238829864650221772054535021111598921117832328450765972314313235592011438766128896087659696571740914566883907600618122350491199328839802394773340232918721315705879840679094475879667118333935817800257067817399015997685141173603765471296055806930315643181067875765214504029994393864940226351/10000000000000000000000000000000000000000000000000000000000000000000000000000000000000000000000000000000000000000000000000000000000000000000000000000000000000000000000000000000000000000000000000000000000000000000000000000000000000000000000000000000000000000000000000000000000000000000000000000000000000000000000 77758465790431271402757701802615488733321594014224670303905212075208258463521980469829666206440140591900820210028518222460617632941398733535915355414920629998333062463188196970503989027420659599081855766607433692706094205762130576355646187695833586061681454860336760214889770925048152941284013783218097882497/1562500000000000000000000000000000000000000000000000000000000000000000000000000000000000000000000000000000000000000000000000000000000000000000000000000000000000000000000000000000000000000000000000000000000000000000000000000000000000000000000000000000000000000000000000000000000000000000000000000000000000000000

0
1127202722362473050391715037666012592197398653424894297618408763425080253284365368048580099866343108485512989591075079246184355446114691351042171611671248223984892794205395886801557998813765447291000797631856731842113641442693933237838452059434052280177108202358919408171909287233463020492230618422652631781747/2000000000000000000000000000000000000000000000000000000000000000000000000000000000000000000000000000000000000000000000000000000000000000000000000000000000000000000000000000000000000000000000000000000000000000000000000000000000000000000000000000000000000000000000000000000000000000000000000000000000000000000000 6373100387005954224053519145282842392267343157471921731287316795322077946226565195533831206840945779046126599427548709788221645869189262875571730398793555407147311032412839795876416097571929543556590450102428541115905390790395952220940916340956014553456855103995354272893970797620244285735130043963683142118097/10000000000000000000000000000000000000000000000000000000000000000000000000000000000000000000000000000000000000000000000000000000000000000000000000000000000000000000000000000000000000000000000000000000000000000000000000000000000000000000000000000000000000000000000000000000000000000000000000000000000000000000000
4 4
1 0
0 0
0 0
0 0
0 0
1 0
0 0
0 0
0 0
0 0
1 0
0 0
0 0
0 0
0 0
1 0

4 0

3 0

