12                                               

1.932940025076735e+00 -3.306472040609520e-10
2.891292571923448e-02 -1.842576872329582e-11
-1.207389637766909e+00 1.219957468379107e-10

2.058213585153071e-01 -3.879570276144051e-13
-2.032022119684514e-02 2.322773050289495e-14
-5.219258620636922e-01 2.333688797762079e-13

2.510150637520675e-02 -9.571510251049631e-14
-7.526318487563177e-02 7.863848461298062e-14
-3.444652606372877e-01 5.723199691942682e-14

-1.074983560727770e-03 -1.090842910791978e-14
1.414985544035078e-04 1.683284859155948e-15
5.000410682875913e-01 -4.329869796038111e-15

1.705136593893015e+00 7.277511926417901e-14
-2.752619719619904e-03 8.553162518520896e-15
-9.894110458560867e-01 -5.788425294639410e-14

-1.241225249413391e+01 -4.759499461215455e-10
2.797577952317558e-03 -4.111931736945629e-11
-1.002144666114516e+00 2.695247358630581e-10

6.319017388641658e+00 3.790989744345552e-11
-3.030768872049798e+00 -1.370903390807143e-11
-3.014979887719430e+00 -1.469213639637701e-11

-1.728770506293571e+00 -2.089328710042082e-12
-2.869131430978905e-04 1.751819175832559e-13
-9.971117424662990e-01 -1.782740621791845e-12

-1.364470555095650e+01 3.462830022726848e-11
-9.499463846419209e-02 2.845140789631273e-12
-3.661178082364011e-01 -1.846303665509197e-11

-1.825452024593719e-01 1.665334536937735e-16
2.279378813851972e-01 -2.997602166487923e-15
-1.811772244655694e-01 -8.743006318923108e-16

-1.535642876824218e-01 2.244648911187141e-12
3.411577863133491e-02 -7.971887039381897e-13
-2.499765798649752e-01 -1.993724629834048e-12

-7.617643996689634e+00 -3.830316619435337e-11
7.204063137656338e-01 -1.044423141721706e-11
-6.257031215176587e+00 8.886975183530765e-11

