44                                               

5.767286227659684e-01 5.114490267789651e-04
2.963441389931606e+00 -1.492117368738222e-02
-1.194591150489999e+11 -9.003821657959018e+10

6.230414066431276e-01 7.004439146851948e-02
5.236753606644935e+00 2.315525068258706e+00
-1.223056339440811e+11 -1.946408345417148e+11

3.759979426415924e-01 -4.382048153917270e-02
1.267581428498785e+00 2.397448963033251e+00
-5.670945081211689e+00 1.509635819172474e+00

2.558947598826935e-01 -1.671132865378501e+00
-1.085870946846559e-01 -8.851982728840087e-02
-3.625408057089681e-01 5.296900953689561e-01

1.932940025076735e+00 -3.306472040609520e-10
2.891292571923448e-02 -1.842576872329582e-11
-1.207389637766909e+00 1.219957468379107e-10

-9.299531818210971e+00 -4.653356866742760e+00
5.675044546394264e-02 -4.872498744432006e-01
-1.205303989645349e+00 3.138111260714038e+00

2.058213585153071e-01 -3.879570276144051e-13
-2.032022119684514e-02 2.322773050289495e-14
-5.219258620636922e-01 2.333688797762079e-13

-2.590968137515175e+00 4.065618022832076e+00
-2.376549473900196e-01 4.785934196891306e-01
3.439719761309064e-01 -2.794919316475201e+00

-3.108744825625193e-01 1.247611980833426e+00
-1.698673238044519e-01 1.958020695987536e-02
9.055764688667050e-01 1.133230998465162e-02

7.300583373197920e-01 5.900694231928340e-01
-3.631032060758631e-02 1.813896712895836e-02
-7.837701785453282e-01 -2.084106640659466e-01

7.300583374547240e-01 -5.900694230121224e-01
-3.631032059577790e-02 -1.813896712502591e-02
-7.837701785812851e-01 2.084106640095215e-01

-4.882580216745092e-01 -4.356742961144019e-02
4.378836834587870e-01 -1.019111979732551e+00
-7.384329323975745e-01 -5.619985800653055e-01

-5.418238225681753e-01 -6.717181305442643e-02
3.192035281158296e-01 4.140356245202772e-01
7.630611740298388e-02 3.267337476892249e-01

4.359425295864422e-02 1.029638305679609e+00
-1.083881778957650e-01 1.026537663870943e-02
-8.944500195578069e-01 -2.575943927829799e-02

2.558947599079471e-01 1.671132865439449e+00
-1.085870946828191e-01 8.851982729513619e-02
-3.625408057199743e-01 -5.296900954221272e-01

-1.147736364316848e+00 1.321431112307331e-01
-5.344338678991249e-01 -4.382171230625454e-01
7.195909391563630e-01 1.545615711578542e-01

-1.780158295855279e-01 1.198585230406004e+00
-1.473169563947348e-01 1.826867411229731e-02
2.662109080206410e-01 7.827746148838568e-01

-1.581481380354723e-01 1.179622037550295e+00
-1.434730573548580e-01 1.660584969009950e-02
3.845269472085616e-02 9.020582085447515e-01

-1.241225249413391e+01 -4.759499461215455e-10
2.797577952317558e-03 -4.111931736945629e-11
-1.002144666114516e+00 2.695247358630581e-10

-4.882580216704850e-01 4.356742961178817e-02
4.378836834667208e-01 1.019111979741749e+00
-7.384329324176508e-01 5.619985800791479e-01

-9.299531817690252e+00 4.653356866311527e+00
5.675044551098871e-02 4.872498744646289e-01
-1.205303989915797e+00 -3.138111260872832e+00

-3.229691447151949e-01 -1.677974280917243e+00
-1.794728438561868e-01 -8.416414299250531e-02
2.282488486567919e-01 6.205849494362541e-01

-1.364470555095650e+01 3.462830022726848e-11
-9.499463846419209e-02 2.845140789631273e-12
-3.661178082364011e-01 -1.846303665509197e-11

-9.727731486288409e-01 2.675944034702650e-01
-5.772014448400287e-01 9.619142765766293e-01
2.161452725643594e-01 -9.167014442947028e-01

-1.147736364316296e+00 -1.321431112348138e-01
-5.344338678967503e-01 4.382171230594127e-01
7.195909391559753e-01 -1.545615711513075e-01

-3.229691447637550e-01 1.677974280990638e+00
-1.794728438630387e-01 8.416414300281733e-02
2.282488486611535e-01 -6.205849495347888e-01

-4.213134868986494e-01 7.014176413736029e-01
-1.397053676385520e-01 -9.234402372038145e-02
1.882677429276319e-02 -9.036046573636729e-01

-5.467908770679539e-01 -2.876739142642664e-02
7.013488593658741e-01 1.911283660331149e-01
6.220869502845967e-01 3.347722060104775e-01

-9.727731486295679e-01 -2.675944034718524e-01
-5.772014448420243e-01 -9.619142765780559e-01
2.161452725653704e-01 9.167014442991903e-01

-5.362319148066621e-01 -9.474514176142079e-02
2.462197453372513e-01 -1.046373441357769e+00
-7.201544621703166e-01 -1.911051419556409e-01

-5.418238225693659e-01 6.717181305262329e-02
3.192035281213326e-01 -4.140356245298630e-01
7.630611739939802e-02 -3.267337476968026e-01

-5.467908770680937e-01 2.876739142676457e-02
7.013488593666208e-01 -1.911283660358022e-01
6.220869502845674e-01 -3.347722060153557e-01

-3.108744825641926e-01 -1.247611980835356e+00
-1.698673238047571e-01 -1.958020695986679e-02
9.055764688679979e-01 -1.133230998125795e-02

-1.535642876824218e-01 2.244648911187141e-12
3.411577863133491e-02 -7.971887039381897e-13
-2.499765798649752e-01 -1.993724629834048e-12

-5.362319148052598e-01 9.474514176128174e-02
2.462197453403598e-01 1.046373441359482e+00
-7.201544621749465e-01 1.911051419603129e-01

-8.724269829017510e-01 -2.629833378966798e-01
-2.703741094683184e-01 3.942965964802725e-01
3.808461686323086e-01 1.295442824514868e-01

-7.617643996689634e+00 -3.830316619435337e-11
7.204063137656338e-01 -1.044423141721706e-11
-6.257031215176587e+00 8.886975183530765e-11

-2.590968137050553e+00 -4.065618022830797e+00
-2.376549473717456e-01 -4.785934196437978e-01
3.439719760040199e-01 2.794919316247186e+00

4.359425295977026e-02 -1.029638305678393e+00
-1.083881778955551e-01 -1.026537663865216e-02
-8.944500195574064e-01 2.575943928233723e-02

-1.780158295879405e-01 -1.198585230406561e+00
-1.473169563951257e-01 -1.826867411214272e-02
2.662109080404104e-01 -7.827746148880725e-01

-8.724269828769009e-01 2.629833379075976e-01
-2.703741094474115e-01 -3.942965964707769e-01
3.808461686083587e-01 -1.295442824776454e-01

-4.213134869013152e-01 -7.014176413719879e-01
-1.397053676396715e-01 9.234402372112341e-02
1.882677429250740e-02 9.036046573612349e-01

3.759979426312234e-01 4.382048153799339e-02
1.267581428491636e+00 -2.397448963021477e+00
-5.670945081161207e+00 -1.509635819169772e+00

-1.581481380340624e-01 -1.179622037548706e+00
-1.434730573545707e-01 -1.660584968995434e-02
3.845269470192930e-02 -9.020582085529261e-01

