64

-6.734167324167446e-01 -1.167357136945578e-01;
-6.734167324167446e-01 -1.167357136945578e-01;
-6.734167324167446e-01 -1.167357136945578e-01;
-6.734167324167446e-01 -1.167357136945578e-01;

-8.365883059981027e-01 7.001664429629112e-01;
-8.365883059981027e-01 7.001664429629112e-01;
-8.365883059981027e-01 7.001664429629112e-01;
-7.001664429629112e-01 -8.365883059981027e-01;

3.306476549184557e+00 -3.675517215399295e+00;
3.306476549184557e+00 -3.675517215399295e+00;
3.306476549184557e+00 -3.675517215399295e+00;
-3.306476549184556e+00 3.675517215399295e+00;

-4.498262564448512e-01 -7.369670207650595e-01;
-4.498262564448512e-01 -7.369670207650595e-01;
-4.498262564448512e-01 -7.369670207650595e-01;
-7.369670207650594e-01 4.498262564448513e-01;

-8.289698100882649e-01 4.770539890373678e-01;
-8.289698100882649e-01 4.770539890373678e-01;
-4.770539890373678e-01 -8.289698100882649e-01;
-8.289698100882649e-01 4.770539890373678e-01;

-8.924705698755056e-02 7.244473017025350e-01;
-8.924705698755056e-02 7.244473017025350e-01;
-7.244473017025350e-01 -8.924705698755052e-02;
-7.244473017025350e-01 -8.924705698755052e-02;

8.027333359550347e-01 7.432687451171728e-01;
8.027333359550347e-01 7.432687451171728e-01;
-7.432687451171728e-01 8.027333359550347e-01;
-8.027333359550348e-01 -7.432687451171727e-01;

-1.312464948342221e+00 -4.193391100824777e+00;
-1.312464948342221e+00 -4.193391100824777e+00;
4.193391100824777e+00 -1.312464948342221e+00;
-4.193391100824777e+00 1.312464948342221e+00;

-7.340082914587194e+00 -7.589999813356592e-01;
-7.340082914587194e+00 -7.589999813356592e-01;
7.340082914587194e+00 7.589999813356583e-01;
-7.340082914587194e+00 -7.589999813356592e-01;

5.783675889669730e-01 7.894394649250205e-01;
5.783675889669730e-01 7.894394649250205e-01;
-5.783675889669732e-01 -7.894394649250204e-01;
-7.894394649250205e-01 5.783675889669730e-01;

6.909875539348181e-01 4.101112821991271e-02;
6.909875539348181e-01 4.101112821991271e-02;
-6.909875539348181e-01 -4.101112821991263e-02;
-6.909875539348181e-01 -4.101112821991263e-02;

6.628182131704599e-01 -7.091822316498875e-01;
6.628182131704599e-01 -7.091822316498875e-01;
-6.628182131704597e-01 7.091822316498876e-01;
-7.091822316498876e-01 -6.628182131704597e-01;

-6.287483055586289e-01 -7.367326563172247e-01;
-6.287483055586289e-01 -7.367326563172247e-01;
-7.367326563172246e-01 6.287483055586290e-01;
-6.287483055586289e-01 -7.367326563172247e-01;

9.148713212711723e+00 7.066779179105930e+00;
9.148713212711723e+00 7.066779179105930e+00;
7.066779179105928e+00 -9.148713212711725e+00;
-7.066779179105929e+00 9.148713212711723e+00;

7.015405119530403e-01 -5.306443957134147e-01;
7.015405119530403e-01 -5.306443957134147e-01;
-5.306443957134148e-01 -7.015405119530402e-01;
-7.015405119530402e-01 5.306443957134148e-01;

7.145690589445325e-02 -6.482738530005022e-01;
7.145690589445325e-02 -6.482738530005022e-01;
-6.482738530005022e-01 -7.145690589445312e-02;
-6.482738530005022e-01 -7.145690589445312e-02;

-4.373852152182821e-01 -2.325535507881628e-01;
2.325535507881628e-01 -4.373852152182821e-01;
-4.373852152182821e-01 -2.325535507881628e-01;
-4.373852152182821e-01 -2.325535507881628e-01;

-9.476714789402139e-01 -9.939940878079558e-02;
9.939940878079552e-02 -9.476714789402139e-01;
-9.476714789402139e-01 -9.939940878079558e-02;
9.939940878079552e-02 -9.476714789402139e-01;

-2.698294384399444e-01 -1.113629379148970e+00;
1.113629379148970e+00 -2.698294384399445e-01;
-2.698294384399444e-01 -1.113629379148970e+00;
2.698294384399446e-01 1.113629379148970e+00;

-2.527682910501239e-01 -4.514567716059834e-01;
4.514567716059834e-01 -2.527682910501239e-01;
-2.527682910501239e-01 -4.514567716059834e-01;
-4.514567716059833e-01 2.527682910501240e-01;

-7.862162812656048e-01 -1.111516685648766e-01;
1.111516685648766e-01 -7.862162812656048e-01;
1.111516685648766e-01 -7.862162812656048e-01;
-7.862162812656048e-01 -1.111516685648766e-01;

-7.297663548110305e-01 9.503434080437314e-01;
-9.503434080437314e-01 -7.297663548110304e-01;
-9.503434080437314e-01 -7.297663548110304e-01;
-9.503434080437314e-01 -7.297663548110304e-01;

2.875298253622082e+00 -6.689804730673312e-01;
6.689804730673314e-01 2.875298253622082e+00;
6.689804730673314e-01 2.875298253622082e+00;
-2.875298253622082e+00 6.689804730673315e-01;

-4.070174953969825e-01 -9.110770527551272e-01;
9.110770527551272e-01 -4.070174953969826e-01;
9.110770527551272e-01 -4.070174953969826e-01;
-9.110770527551271e-01 4.070174953969827e-01;

-6.490446850643823e-01 -9.713258757518456e-01;
9.713258757518456e-01 -6.490446850643824e-01;
6.490446850643824e-01 9.713258757518455e-01;
-6.490446850643823e-01 -9.713258757518456e-01;

3.087147671605687e+00 1.484167390351221e+00;
-1.484167390351221e+00 3.087147671605687e+00;
-3.087147671605687e+00 -1.484167390351220e+00;
-1.484167390351221e+00 3.087147671605687e+00;

6.936527910229333e-01 -3.855820856188967e-01;
3.855820856188967e-01 6.936527910229333e-01;
-6.936527910229333e-01 3.855820856188968e-01;
-6.936527910229333e-01 3.855820856188968e-01;

1.622377615140178e-01 -6.488881244810547e-01;
6.488881244810547e-01 1.622377615140178e-01;
-1.622377615140178e-01 6.488881244810547e-01;
-6.488881244810547e-01 -1.622377615140177e-01;

-3.137997048978398e-01 -4.603348086383856e-01;
4.603348086383856e-01 -3.137997048978398e-01;
-4.603348086383856e-01 3.137997048978399e-01;
-3.137997048978398e-01 -4.603348086383856e-01;

-5.556834232580445e-01 -1.315944251664703e+00;
1.315944251664703e+00 -5.556834232580447e-01;
-1.315944251664703e+00 5.556834232580448e-01;
1.315944251664703e+00 -5.556834232580447e-01;

2.532416207022319e-01 -6.191710143322595e-01;
6.191710143322595e-01 2.532416207022319e-01;
-6.191710143322595e-01 -2.532416207022318e-01;
-2.532416207022319e-01 6.191710143322595e-01;

-3.479314901845398e-02 -4.473723399563250e-01;
4.473723399563250e-01 -3.479314901845400e-02;
-4.473723399563250e-01 3.479314901845406e-02;
-4.473723399563250e-01 3.479314901845406e-02;

-3.804106945024232e-01 -9.308702770774421e-02;
3.804106945024232e-01 9.308702770774417e-02;
-3.804106945024232e-01 -9.308702770774421e-02;
-3.804106945024232e-01 -9.308702770774421e-02;

-5.642535447436733e-01 7.494459704256667e-02;
5.642535447436733e-01 -7.494459704256674e-02;
-5.642535447436733e-01 7.494459704256667e-02;
-7.494459704256670e-02 -5.642535447436733e-01;

-8.415381515310578e-01 -4.726899237117925e-01;
8.415381515310579e-01 4.726899237117924e-01;
-8.415381515310578e-01 -4.726899237117925e-01;
8.415381515310579e-01 4.726899237117924e-01;

-3.643360119244670e-01 -2.985714309421877e-01;
3.643360119244670e-01 2.985714309421876e-01;
-3.643360119244670e-01 -2.985714309421877e-01;
-2.985714309421876e-01 3.643360119244670e-01;

-5.105430463714700e-01 4.318248307236338e-02;
5.105430463714700e-01 -4.318248307236344e-02;
-4.318248307236341e-02 -5.105430463714700e-01;
-5.105430463714700e-01 4.318248307236338e-02;

-4.902609227795915e-01 4.075927787191101e-01;
4.902609227795914e-01 -4.075927787191101e-01;
-4.075927787191101e-01 -4.902609227795915e-01;
-4.075927787191101e-01 -4.902609227795915e-01;

-1.794173709630715e+00 1.287713528083358e+00;
1.794173709630715e+00 -1.287713528083359e+00;
-1.287713528083358e+00 -1.794173709630715e+00;
1.794173709630715e+00 -1.287713528083359e+00;

-7.119882134247718e-01 -3.694560727941177e-01;
7.119882134247718e-01 3.694560727941176e-01;
3.694560727941176e-01 -7.119882134247718e-01;
-3.694560727941176e-01 7.119882134247719e-01;

-7.748047929714141e-01 -2.449433157211776e-01;
7.748047929714141e-01 2.449433157211776e-01;
7.748047929714141e-01 2.449433157211776e-01;
-7.748047929714141e-01 -2.449433157211776e-01;

-1.067232419849171e+00 1.147262288412344e+00;
1.067232419849171e+00 -1.147262288412344e+00;
1.067232419849171e+00 -1.147262288412344e+00;
-1.147262288412344e+00 -1.067232419849171e+00;

1.706216410088398e+00 -1.147571189415419e+00;
-1.706216410088398e+00 1.147571189415419e+00;
-1.706216410088398e+00 1.147571189415419e+00;
-1.706216410088398e+00 1.147571189415419e+00;

-2.494376989611320e-01 -8.258525490272560e-01;
2.494376989611321e-01 8.258525490272560e-01;
2.494376989611321e-01 8.258525490272560e-01;
-8.258525490272560e-01 2.494376989611321e-01;

-4.044509847791288e-01 -2.703776846970347e-01;
4.044509847791288e-01 2.703776846970347e-01;
-2.703776846970347e-01 4.044509847791288e-01;
-4.044509847791288e-01 -2.703776846970347e-01;

-9.385573031335263e-01 -2.942324688775376e-01;
9.385573031335263e-01 2.942324688775375e-01;
-2.942324688775375e-01 9.385573031335263e-01;
2.942324688775376e-01 -9.385573031335263e-01;

-1.193768573622727e-01 -9.438365932652507e-01;
1.193768573622728e-01 9.438365932652507e-01;
-9.438365932652507e-01 1.193768573622729e-01;
1.193768573622728e-01 9.438365932652507e-01;

-2.026387304173178e-01 -4.378325046421240e-01;
2.026387304173178e-01 4.378325046421240e-01;
-4.378325046421240e-01 2.026387304173178e-01;
-4.378325046421240e-01 2.026387304173178e-01;

-4.665705124501789e-01 1.981921052237857e-02;
1.981921052237865e-02 4.665705124501789e-01;
-4.665705124501789e-01 1.981921052237857e-02;
-4.665705124501789e-01 1.981921052237857e-02;

-4.957822253986815e-01 3.288498779247092e-01;
3.288498779247093e-01 4.957822253986814e-01;
-4.957822253986815e-01 3.288498779247092e-01;
-3.288498779247093e-01 -4.957822253986815e-01;

-1.594969979827541e+00 5.398940015196171e-01;
5.398940015196174e-01 1.594969979827541e+00;
-1.594969979827541e+00 5.398940015196171e-01;
1.594969979827541e+00 -5.398940015196173e-01;

-6.158658431598233e-01 -3.066118206438573e-01;
-3.066118206438572e-01 6.158658431598234e-01;
-6.158658431598233e-01 -3.066118206438573e-01;
-3.066118206438572e-01 6.158658431598234e-01;

-4.836636205237684e-01 2.600108238398137e-01;
2.600108238398138e-01 4.836636205237683e-01;
-2.600108238398137e-01 -4.836636205237684e-01;
-4.836636205237684e-01 2.600108238398137e-01;

-2.376884185954786e-01 4.671102905286083e-01;
4.671102905286084e-01 2.376884185954785e-01;
-4.671102905286083e-01 -2.376884185954786e-01;
-4.671102905286083e-01 -2.376884185954786e-01;

-2.924729165331168e-02 1.038874011420252e+00;
1.038874011420252e+00 2.924729165331149e-02;
-1.038874011420252e+00 -2.924729165331161e-02;
2.924729165331155e-02 -1.038874011420252e+00;

-1.272717547958215e+00 2.054110296232794e-01;
2.054110296232796e-01 1.272717547958215e+00;
-2.054110296232795e-01 -1.272717547958215e+00;
2.054110296232796e-01 1.272717547958215e+00;

-1.040689535837461e+00 4.085405092378232e-01;
4.085405092378234e-01 1.040689535837461e+00;
1.040689535837461e+00 -4.085405092378233e-01;
-1.040689535837461e+00 4.085405092378232e-01;

-6.872751554404290e-02 8.527756542264580e-01;
8.527756542264580e-01 6.872751554404274e-02;
6.872751554404279e-02 -8.527756542264580e-01;
-8.527756542264580e-01 -6.872751554404284e-02;

1.011557305714526e+00 5.794567590869275e-01;
5.794567590869273e-01 -1.011557305714526e+00;
-1.011557305714526e+00 -5.794567590869274e-01;
-1.011557305714526e+00 -5.794567590869274e-01;

3.321165477051280e-02 -2.427631893590531e+00;
-2.427631893590531e+00 -3.321165477051236e-02;
-3.321165477051250e-02 2.427631893590531e+00;
-2.427631893590531e+00 -3.321165477051236e-02;

-6.611586806496988e-01 -2.148520324296133e-01;
-2.148520324296132e-01 6.611586806496988e-01;
-2.148520324296132e-01 6.611586806496988e-01;
-6.611586806496988e-01 -2.148520324296133e-01;

-1.142093572197209e+00 7.144104272201329e-01;
7.144104272201331e-01 1.142093572197209e+00;
7.144104272201331e-01 1.142093572197209e+00;
-7.144104272201330e-01 -1.142093572197209e+00;

1.284057322814413e+00 -2.120906971689920e+00;
-2.120906971689921e+00 -1.284057322814413e+00;
-2.120906971689921e+00 -1.284057322814413e+00;
-1.284057322814413e+00 2.120906971689920e+00;

-3.152130011834164e-01 -7.039894369485107e-01;
-7.039894369485106e-01 3.152130011834166e-01;
-7.039894369485106e-01 3.152130011834166e-01;
-7.039894369485106e-01 3.152130011834166e-01;

