62                                               

2.833216070557756e+00 -4.440892098500626e-16
3.174214435725314e+00 -1.110223024625157e-15
1.142514097554058e+00 -7.771561172376096e-16

-1.586985539112857e+00 1.117439474285220e-13
-2.526237835329899e+00 4.719558077681540e-13
2.708442703016534e+00 -6.096234628216735e-13

2.626064651480930e+00 9.992007221626409e-16
2.542104615362971e+00 8.881784197001252e-16
-1.883718811417993e-02 -9.679756995950584e-16

2.269645310133708e-01 -2.127642611963394e-01
-1.581748710957676e-03 -9.425940928825718e-01
-1.234519371896131e-01 -1.167423447437535e+00

5.245130152588536e-01 2.109284968909719e-13
-1.210798009875974e+00 -1.231237334309299e-13
1.941199932551994e-02 -3.055116923333934e-13

2.269645310126646e-01 2.127642611970045e-01
-1.581748712033815e-03 9.425940928828024e-01
-1.234519371903312e-01 1.167423447436976e+00

1.102206763573147e+00 8.432271799168902e-01
-1.726591724625401e+00 6.855454312492051e-01
-6.366985510377792e-01 -3.958560941783885e-01

-1.140487693114893e+00 -3.799516257174673e-12
-3.733764079893893e+00 2.140621013779764e-11
5.333631282883420e+00 -3.642286472427259e-11

1.129713073908921e+00 1.741939925636871e-13
-1.073307996379938e+00 -4.041211809635570e-14
6.141154890999776e-01 4.357625371653739e-14

-2.123480491094236e-01 -3.766324884005664e-01
-6.280573857669374e-01 -1.553750230800856e-01
1.049166658929208e+00 7.242111723015403e-01

2.350144862522018e+00 1.463718035665806e-12
-1.569591444442741e+00 5.360156762890256e-13
-5.513368700021238e-01 -2.083055949952950e-13

5.744040316933262e-01 -2.874209340330147e-02
-2.274591746603379e+00 4.343904653838179e+00
-1.521710314034119e+00 -4.516664414525881e+00

-5.291993502719246e-01 -3.306704963589383e+00
-1.895160838740779e+00 -7.433056905750172e-01
-4.529330011094350e-01 -3.344955805130364e-01

-1.629806745295723e+00 -5.276112879926131e-12
-2.708682566396966e+00 2.963296275027005e-12
2.944507116359117e+00 -1.381228464936157e-11

1.102206763571392e+00 -8.432271799207534e-01
-1.726591724623093e+00 -6.855454312492382e-01
-6.366985510398288e-01 3.958560941779486e-01

-9.443074061298462e-01 -1.602157365882656e+00
-1.855276367754476e+00 -2.177072225016909e-01
-9.470214282074688e-01 -1.943118131452680e+00

-1.102403853037987e-01 5.950809289778647e-12
-2.627004552617034e-01 6.394135221299280e-12
1.193048265848141e+00 -1.627697976402942e-12

2.816939908929450e-01 4.635181127810029e-15
1.041691570573434e-01 7.049916206369744e-15
4.241867627657518e-01 -5.162537064506978e-15

-1.203038355194135e+00 2.635391904703965e-13
2.861380585782388e+00 -4.470146475199499e-12
-2.040605645792391e+00 5.810463221678219e-12

-2.123480491091586e-01 3.766324883980045e-01
-6.280573857666630e-01 1.553750230778125e-01
1.049166658929800e+00 -7.242111722982909e-01

-4.150501961390310e-02 2.494036353021309e-01
-3.823433867500027e-01 3.162344192298022e-01
7.968775750593486e-01 -1.140216868466461e-01

1.950674459207691e-01 2.700971570079239e-01
-2.393925578488013e-01 8.582912062814037e-01
-9.676226970282313e-02 5.822409423757754e-01

3.667523702959839e-01 2.955394691724942e-01
-5.040425903695207e-01 1.486616272422296e+00
-1.313370731766903e+00 2.112939923304891e-01

-4.592834608038815e-01 3.524958103184872e-15
-9.349858386782726e-01 4.440892098500626e-15
1.423989923792064e+00 -3.219646771412954e-15

6.219740776835240e-02 2.098668461236741e-14
-7.555313071104355e-01 -3.497202527569243e-15
7.351385782101063e-01 -2.775557561562891e-14

9.706115837038389e-01 -1.110223024625157e-15
-2.796751481157139e+00 4.440892098500626e-16
2.892588947429853e-01 6.938893903907228e-17

-4.639874800826481e-01 1.612553496435548e+00
-1.671822212681680e+00 3.285403502673080e-01
-1.830963998981665e+00 8.758775166177919e-01

-7.237137234643853e-02 5.564574317954345e-01
-8.368343336188491e-01 3.734394940893476e-01
2.129154592508833e-01 -1.055911168974403e+00

-1.751454199320350e-01 3.556566152695950e-11
-3.204969665936644e-01 2.530439746628588e-11
1.229246371995692e+00 -2.843947299879801e-11

-4.321379383839009e-01 1.085104228693012e-13
-4.796952326840134e-02 -4.652511015335037e-13
4.666506063388938e-01 5.754147158754108e-13

-3.381390365653023e+00 -2.271793864139227e-14
4.222144899003260e+00 1.439126595670359e-14
-2.129472773207024e+00 -2.184016856254800e-15

-7.394622848144917e-01 6.863398738232718e-13
-1.488916661691044e-01 3.875649801088343e-13
-6.414188141426949e-01 6.742939540060888e-13

-9.285212879268905e-01 2.720046410331634e-14
2.683908393334745e+00 -6.572520305780927e-14
1.826800383569449e-01 -5.047351425702118e-14

-9.526345060480975e-01 1.248945958608750e-01
9.679212565313924e-01 -7.371899488744700e-01
2.343687820609558e-01 9.085164857819121e-01

-1.088685154491271e+00 -1.151967410351062e-12
-4.485623325375340e-01 -6.878941860577470e-13
-1.025242097029819e+00 -1.150968209628900e-12

-1.005865666242759e+00 2.155220446553585e-13
1.403245096420496e+00 -1.401323501681873e-12
-2.960327451909443e-01 1.706607077878175e-12

-7.760078160317079e-01 -7.860379014346108e-14
2.586122190389093e-01 7.631673071273326e-13
1.084350084942267e+00 -1.177391517614979e-12

-3.971143571367101e+00 1.730726673088157e-12
1.548676442166319e+01 -7.830736059588617e-12
6.255559003352177e+00 -3.465339126762501e-12

-6.784304177630806e-01 -4.302114220422482e-16
3.048633130403632e+00 -3.108624468950438e-14
-3.307399899396339e+00 5.151434834260726e-14

-9.526345060477317e-01 -1.248945958610114e-01
9.679212565289447e-01 7.371899488746695e-01
2.343687820640046e-01 -9.085164857822019e-01

-1.845157558300139e+00 -1.343380962026686e-11
-2.604891292904399e+00 4.203137837777149e-12
2.423142114307114e+00 -2.761113560012518e-11

-1.970351752815628e+00 1.138935774995557e+00
-2.324533721981142e+00 7.449764657416824e-02
1.106467211994104e+00 1.243711255479099e+00

-9.443074061305585e-01 1.602157365881582e+00
-1.855276367754631e+00 2.177072225011321e-01
-9.470214282061025e-01 1.943118131456210e+00

-1.970351752817465e+00 -1.138935774994617e+00
-2.324533721981851e+00 -7.449764657421762e-02
1.106467211995103e+00 -1.243711255476565e+00

-5.291993502661825e-01 3.306704963593412e+00
-1.895160838739667e+00 7.433056905761444e-01
-4.529330011100873e-01 3.344955805109647e-01

-6.424405152656218e+00 -3.317346397579968e-13
-1.411423580889204e+00 3.308464613382966e-14
-1.552387440866825e+00 -6.217248937900877e-14

3.667523702978475e-01 -2.955394691711022e-01
-5.040425903697803e-01 -1.486616272426133e+00
-1.313370731769164e+00 -2.112939923319236e-01

3.282886498340616e-01 1.249674250899576e+00
-1.456562168839817e+00 5.741262296852537e-01
-1.145210697865444e+00 -4.630767664644212e-01

-8.913020165598283e-01 -3.516993861159330e-01
-5.052620135860971e-01 1.648733342437477e+00
2.121115264999731e+00 -2.280944627463203e+00

5.453177208852062e+00 1.029343277281214e-12
-3.839954229806005e+00 -7.673861546209082e-13
-7.481024076516358e-01 -6.026429355543428e-14

-7.765692928823613e+01 1.048470199549456e-10
6.817272325534023e+01 -8.334000156651200e-11
-1.510370938145723e+01 9.944822743079840e-12

-9.257533342790611e-01 5.502598376949663e-12
-1.937613836247231e+01 1.912567881845462e-10
3.098589945914416e+01 -3.362146117069642e-10

1.121827689481115e+00 1.130484594824566e-12
-2.821491517150446e+00 4.352296301135539e-12
2.622618714200524e-01 -3.599370801410373e-12

1.413789457399000e+00 2.208233595979436e-13
-2.188673025587764e+00 2.835509604892650e-13
-2.183383230388641e-01 -1.922351167138459e-13

-8.913020165588548e-01 3.516993861142149e-01
-5.052620135827948e-01 -1.648733342433691e+00
2.121115264996519e+00 2.280944627457743e+00

-4.150501961342493e-02 -2.494036353022516e-01
-3.823433867497628e-01 -3.162344192305883e-01
7.968775750581331e-01 1.140216868457792e-01

-7.237137234601934e-02 -5.564574317957187e-01
-8.368343336196147e-01 -3.734394940887198e-01
2.129154592514542e-01 1.055911168974114e+00

3.282886498355637e-01 -1.249674250901025e+00
-1.456562168840888e+00 -5.741262296850158e-01
-1.145210697865753e+00 4.630767664641643e-01

1.950674459206483e-01 -2.700971570078602e-01
-2.393925578486061e-01 -8.582912062809303e-01
-9.676226970174179e-02 -5.822409423758445e-01

-5.944465636377887e-01 1.932926041448013e-12
-4.654386439563207e+00 4.707123579805739e-12
-1.858449681393932e-01 1.400315627342330e-12

5.744040316926574e-01 2.874209340364370e-02
-2.274591746600093e+00 -4.343904653845769e+00
-1.521710314041095e+00 4.516664414536207e+00

-4.639874800824235e-01 -1.612553496434534e+00
-1.671822212681316e+00 -3.285403502670544e-01
-1.830963998984553e+00 -8.758775166173293e-01

