0
3.910803922730089e-01 -3.606450124524273e-01
4.178042968468364e-01 -3.464960994292619e-01
3.677385459388229e-01 -3.499530696919767e-01
3.997664273219683e-01 -3.596445556023692e-01

1
1.016625470346068e-01 -5.456949108509135e-01
7.309120195747329e-02 -5.626811200265307e-01
4.421501736852974e-02 -5.374542724413173e-01
5.233911824247045e-01 1.341889176971589e-01

2
-3.687490664926709e-01 -9.133490246875523e-01
-3.139531356719083e-01 -1.020501430082613e+00
-3.757706418919390e-01 -9.128751414691384e-01
4.366699320657534e-01 8.329320527095596e-01

3
1.198452813427823e+00 1.914058267108743e-01
1.116371203935086e+00 1.578674582074312e-01
1.088962825772870e+00 8.058553344780073e-02
1.985768849651401e-01 -1.272025612798551e+00

4
2.224191486557373e+00 -4.808395570342261e-01
2.340191709680981e+00 -1.683276666490406e-01
-2.767441883305238e-02 2.402598613664121e+00
2.176971348841056e+00 -4.930079092225729e-01

5
-6.832252227242175e-01 -8.246411739903858e-01
-6.482543673003377e-01 -7.896963457741872e-01
8.137828315945288e-01 -5.448403909285903e-01
8.633623611514153e-01 -6.726404630657165e-01

6
-7.247688621420612e-01 1.555749278756347e-01
-7.604716659018769e-01 8.711174050669293e-02
-8.318103287683938e-02 -7.594541716595365e-01
7.112069215015981e-01 -2.008391578384552e-01

7
-2.358556382551901e-02 9.064343282635081e-01
-1.286422294133123e-02 9.031277056595229e-01
-9.259627652648968e-01 -8.111037315170007e-02
9.833972266713218e-01 6.088122729814990e-02

8
5.354333493000295e-01 2.184448459702831e-01
5.400384133524854e-01 2.327453798288409e-01
-5.395929567361248e-01 -2.329819082515977e-01
5.324271384910816e-01 2.009472363117242e-01

9
2.895272353108639e+00 6.120284781144889e-01
2.948087907933200e+00 4.115964999581345e-01
-2.924540939949843e+00 -3.526118214070150e-01
-8.385513132616556e-01 2.933151565009735e+00

10
-1.084645654961415e-01 9.242929077076637e-01
-1.716266213471400e-01 9.666184473867258e-01
1.623996084344840e-01 -9.653023567358464e-01
4.746864726937942e-02 -8.957756826863932e-01

11
2.175259818897608e-01 4.281562588009608e-01
2.224564371056272e-01 3.958422733078652e-01
-2.308431930828776e-01 -3.838500956147486e-01
4.630890712153009e-01 -2.096155330334578e-01

12
3.391705931301962e-01 -1.072240150945085e-01
4.082901610189415e-01 -7.500401773464017e-02
-6.091438907501009e-02 -4.492522073529552e-01
3.387662344969110e-01 -1.199449624813790e-01

13
4.685321078331717e-01 -3.923168662316021e-01
4.697800733717092e-01 -4.011460012162196e-01
-3.930031266431633e-01 -5.221285803812524e-01
3.414814666889018e-01 5.050000652076463e-01

14
1.173377642697790e+00 -1.677065956358981e-01
1.295256687822342e+00 -1.142337969979165e-01
-1.067805373646715e-01 -1.323683953539982e+00
-1.083518281242321e+00 2.041709586773496e-01

15
4.187691313175241e-01 1.511764120965462e-01
4.541537759694781e-01 1.424150154821263e-01
1.568712839613927e-01 -5.014257251099805e-01
1.700065074618927e-01 -4.145682212047998e-01

16
2.101158350387564e-01 -7.003864596785563e-01
5.827988497843082e-01 4.345218893177000e-02
-2.843615539955292e-03 -7.758458755259415e-01
2.377768642544729e-01 -6.960505195615168e-01

17
-1.757155443001587e-01 -3.673417928725676e-01
3.688411144975741e-01 -2.450121017265377e-01
-3.027592528335866e-01 -4.259536624891123e-01
3.083574879505435e-01 -1.567037261230221e-01

18
-4.239456271450202e-01 -1.672535466522503e-01
1.813326503913035e-01 -3.873245686480650e-01
-4.694615421500942e-01 -1.980369975797296e-01
4.387679056180175e-01 1.381468412060677e-01

19
-1.725004777295950e+00 2.577621458659695e-02
-8.330724681545219e-02 -1.550810952726406e+00
-1.581060947182800e+00 2.836716026413151e-01
5.567187686499509e-02 1.724906505733032e+00

20
-9.411777388326130e-01 -1.766058217661704e-01
1.249458836127648e-01 -9.284800567380436e-01
2.187308193957160e-01 -9.750910605732946e-01
-9.310638896205790e-01 -1.624575661496440e-01

21
-3.982418649613296e-01 -1.437804652897677e-01
1.422773587067162e-01 -4.149437612150331e-01
1.877618540507956e-01 -4.154194794430924e-01
1.192287580748338e-01 -3.998122378220324e-01

22
-3.506225672905391e-01 5.793263572201567e-02
-6.093453235705715e-02 -3.238856502665963e-01
-1.505745447766953e-02 -3.578036079903742e-01
3.622850919638737e-01 -6.947550058122556e-02

23
-4.770608807199240e-01 2.684921910029467e-01
-2.990984235223272e-01 -4.633984106847275e-01
-2.537338020441240e-01 -4.730706828626161e-01
2.654405155656658e-01 4.770311473604050e-01

24
3.633606707767165e-02 1.426652382576853e+00
-1.375464233123551e+00 7.647506824126722e-02
-1.249069873850078e-01 -1.537633674830545e+00
4.031065251725593e-02 1.440862046939415e+00

25
-8.243319308504267e-01 1.196704639970935e-01
-1.521369762620720e-01 -8.673482772881205e-01
9.698098224641700e-01 -1.703582446833968e-01
-9.147010891102735e-02 -7.644159992542777e-01

26
-3.810968032817085e-01 2.699756326057023e-01
-2.574994291744090e-01 -3.967248546027367e-01
4.434066808243982e-01 -2.829070484092805e-01
3.590420106244493e-01 -2.832304097490362e-01

27
-1.687061897314387e-01 4.890410884965155e-01
-4.854891508832446e-01 -1.667891997974489e-01
1.740469947989251e-01 -5.239861631463840e-01
4.798453880589287e-01 1.583124641383424e-01

28
1.058997795414622e+00 -3.937328030656928e-01
2.845098991871844e-01 9.753311874783045e-01
-3.766568012574815e-01 -1.002462620635496e+00
1.077265856839541e+00 -3.791830106025441e-01

29
-1.822617298065284e-01 -9.827125929625664e-01
9.694252756603932e-01 -1.875856303840883e-01
-1.075911230867066e+00 1.848864331108458e-01
8.833531112822721e-01 -1.687059144697836e-01

30
-1.059984478549287e+00 3.387553634813945e-02
7.253154377590394e-02 -1.004521927961933e+00
-1.301098036000935e-01 1.134327537422818e+00
1.060875129116384e+00 -8.812620733466750e-02

31
3.048097995894070e-01 1.487963410491003e+00
-1.450903086292270e+00 2.473197281918444e-01
1.447406390628629e+00 -8.438979893372266e-02
1.452703306911883e+00 -3.326420700189516e-01

32
-1.825362286082365e+00 1.563098281969284e+00
1.785023308171422e+00 -1.603373540788400e+00
-2.012263342578542e+00 1.503840804371269e+00
-1.795730926207972e+00 1.576554428826803e+00

33
-7.407174238062253e-01 -1.075609916693446e-01
7.330295862484386e-01 1.443992556162341e-01
-6.719893175034162e-01 -7.578999261729498e-02
1.165536430744326e-01 -7.501321181937670e-01

34
-4.317660983896336e-01 1.822653906622895e-01
4.079245082775086e-01 -2.007074330972352e-01
-3.988607851096643e-01 2.019351506462059e-01
4.369468365746684e-01 -1.808037067967777e-01

35
-2.896931933080291e-01 5.350773390716063e-01
3.247978527122910e-01 -5.504369433259699e-01
-2.742193740630001e-01 5.973684293895527e-01
5.224192993017267e-01 2.982077089616029e-01

36
-3.652865136773882e-01 5.083382873285600e-01
4.017080277089915e-01 -5.207112106428381e-01
-4.708223213818588e-01 -2.541829938962681e-01
-3.748631610866361e-01 5.159455121069437e-01

37
-4.477555400987194e-01 9.460492409910883e-02
4.339967273116619e-01 -6.453520555158453e-02
-2.106461683141325e-01 -3.864693784023627e-01
-8.657574148956773e-02 -4.695033547429323e-01

38
-2.547179635851378e-01 1.457405333869074e-01
2.480067832753538e-01 -1.724229811625629e-01
-1.954671743071664e-01 -2.211283918562656e-01
2.667374928860054e-01 -1.395319380153328e-01

39
-1.890098133567604e-01 2.751854719670399e-01
2.074137427406177e-01 -2.935687577828507e-01
-2.930475152963316e-01 -1.488973867714395e-01
2.728695233394816e-01 2.008773765249245e-01

40
-7.827972948010875e-03 4.502134510865595e-01
2.156147186038892e-02 -4.569155368580862e-01
-6.632761802043454e-03 -4.478729566979720e-01
-1.288399639653844e-02 4.528675592572495e-01

41
-2.714918137624289e-01 3.876031422210471e-01
2.840167616292251e-01 -3.928610066536627e-01
2.948967614209910e-01 -4.296828293244658e-01
-3.713836396693208e-01 -2.786764432418340e-01

42
-1.546890367900574e-01 2.651147460136054e-01
1.714201541889084e-01 -2.632730115384484e-01
2.045590283118248e-01 -2.655589355231280e-01
1.401735008454240e-01 -2.687819046099554e-01

43
-5.075070364040792e-02 2.925937108003938e-01
5.832438981041035e-02 -2.954664538678562e-01
6.226418673169689e-02 -2.617248227677381e-01
3.014604570371285e-01 5.498241525603143e-02

44
3.313747856742004e-01 5.100473237810228e-01
-3.016789086165201e-01 -5.492566333579781e-01
4.652000728174857e-01 -4.329232125379405e-01
3.189196332668265e-01 5.189442647969980e-01

45
-5.843816206380075e-01 1.192874113447233e+00
6.766114889830418e-01 -1.126580378189094e+00
1.186724663647265e+00 4.399941693283506e-01
-1.197111214282866e+00 -6.242026204064048e-01

46
-2.633680272201548e-01 4.171405999027223e-01
2.406122550983023e-01 -3.861916505333800e-01
3.605282993669743e-01 1.956599837353464e-01
2.757821374368336e-01 -4.262443070682310e-01

47
1.324669775324951e-02 3.711159440379206e-01
-2.033327033099840e-02 -3.880995485252574e-01
3.099381214018427e-01 -1.369302336890082e-01
3.868318825063836e-01 5.986947785268099e-03

48
5.737155866104718e-01 3.938823025805630e-01
2.935105189924352e-01 -6.279181082610373e-01
3.206724696722915e-01 3.019486270631155e-01
5.919464490226682e-01 4.012538603359325e-01

49
3.867726423458092e+00 -1.426710477554405e+00
-1.801530172157322e+00 -3.730063576420155e+00
3.262325647817790e+00 -1.572466001200592e+00
1.457327631394543e+00 3.777290459055247e+00

50
-4.311557789585911e-01 8.467253342116179e-01
9.212577323040433e-01 4.168071329584320e-01
-5.241896868040370e-01 7.927174801064899e-01
3.751587586489345e-01 -8.111162974481911e-01

51
1.319072849753269e-01 5.849237371388658e-01
5.126752686837149e-01 -9.927289854944055e-02
-3.816313611457966e-02 5.078443360220957e-01
5.889562393434737e-01 -1.891995883508719e-01

52
2.236518073045095e-01 6.151974578232644e-01
6.613881219226790e-01 -2.956759685850506e-01
-6.065584063547939e-01 2.743485255178231e-01
2.145512593078336e-01 6.307561861753243e-01

53
-5.981861853120796e-01 7.111815785559769e-01
7.370794673701668e-01 6.317856955327232e-01
-7.933807453693552e-01 -6.950462331376173e-01
-7.290512118423257e-01 -5.691704651523943e-01

54
-2.128245819329732e-01 3.487188851557411e-01
3.824891005399093e-01 2.318745073816491e-01
-3.707256587224672e-01 -2.812099838045585e-01
1.936562260225327e-01 -3.390505556020588e-01

55
-1.763217419508182e-02 3.666996874417019e-01
3.577067129289019e-01 2.367646953545275e-02
-3.559877180697761e-01 -7.513445092630545e-02
3.843995793958844e-01 -1.075309217981279e-02

56
2.214269296883828e-01 3.036884634329549e-01
2.908218864740064e-01 -2.339900514416938e-01
-1.783270933708601e-01 -2.882904818246365e-01
2.190479995328294e-01 3.036882527365040e-01

57
1.769912732160339e-01 5.892566108122849e-01
5.877459622128763e-01 -1.807770383478137e-01
-1.368106512257438e-01 -5.748547533670587e-01
-5.851377639524392e-01 1.926689377701862e-01

58
-7.543167896936665e-03 3.638031073777623e-01
3.732330515471924e-01 1.266416797785492e-02
5.265137373322934e-02 -3.715635756527927e-01
-5.435197105551787e-03 -3.553870171492650e-01

59
9.306792155009283e-02 2.792430418944374e-01
2.639920324374198e-01 -7.585467410719143e-02
-2.693502053488890e-02 -2.674739283856101e-01
2.866762675331849e-01 -1.076394280769319e-01

60
3.474349810613980e-01 1.596592511988021e-01
1.389156602533771e-01 -3.356273162785247e-01
2.015884004043372e-01 -3.516953720661634e-01
3.487067352017092e-01 1.512376153790642e-01

61
6.961701716254010e-01 3.056055867005061e-01
2.672772626093702e-01 -6.577601703647529e-01
3.143109835551161e-01 -7.274678887819355e-01
-3.094942572927008e-01 6.938212469577486e-01

62
2.027141582721643e-01 4.727713933460320e-01
4.636994663971166e-01 -2.453367347428310e-01
5.455794196786642e-01 -2.258882250843078e-01
-1.729672029833425e-01 -4.533781197279239e-01

63
2.278555738416291e-01 2.693967944954933e-01
2.746510371496556e-01 -2.166699215732380e-01
3.231531775254805e-01 -2.238675490634343e-01
2.431938854541975e-01 -2.313135979886070e-01

