4
0
0
52
1.160914857060715e-01 -2.068610640860477e-01
3.284189590346531e-01 -5.852030828853242e-01
3.681393103943503e-01 -6.559799714588939e-01
1.325602180678900e-01 -2.362063643017283e-01
1.064399830837568e-14
1.004947885983684e+03
1.168114373863248e-16
2.441406250000000e-05
7.044359608248572e-09
0.000000000000000e+00
1
1
1
52
-1.670661928512032e-01 8.280483260783834e-02
2.675084295369435e-01 -1.325881098441000e-01
4.252881120822398e-01 -2.107901684360286e-01
-4.551297189808723e-01 2.255808883406339e-01
1.144391699630559e-16
1.664559919370667e+05
1.077789073459860e-14
5.960464477539063e-09
4.096254060372086e-13
0.000000000000000e+00
1
1
2
52
1.473185600562770e-01 -1.947359464037670e-01
3.862545842650920e-01 -5.105782461556084e-01
3.739914777739020e-01 -4.943680167887514e-01
-3.400105733751539e-03 4.494496877294626e-03
9.189876891093319e-15
1.710016789298850e+03
1.108416081355616e-16
2.441406250000000e-05
6.681930175468472e-09
0.000000000000000e+00
1
1
3
52
-3.905666211622186e-01 1.164481898959029e-01
1.791530806544427e-01 -5.341483584645373e-02
3.647998289431416e-01 -1.087657711976348e-01
-5.558827700788109e-01 1.657375179101947e-01
5.721958498152797e-17
1.680370716934518e+04
1.385044285513428e-15
3.814697265625000e-07
1.897375570637140e-11
0.000000000000000e+00
1
1
4
52
-2.167370915722749e-01 -8.097088909576733e-02
3.812900175091570e-01 -6.709204040779816e-01
4.698119987756603e-01 -7.314692531493423e-03
1.247505237255377e-01 -3.518221628091905e-02
4.489924335003386e-17
1.156677550708143e+16
1.253225421811326e-13
1.525878906250000e-06
3.714776704045899e-11
0.000000000000000e+00
1
1
5
52
-1.072673320033249e+00 -5.345815363172109e-02
-2.320984748436710e-01 -2.406326257863910e-01
5.222337694453761e-02 -1.011138415833438e+00
1.948170534453131e-01 -1.245636594182272e+00
8.603389616160685e-14
1.783274075716194e+14
6.043605688357210e-14
2.441406250000000e-05
4.932541859412589e-09
0.000000000000000e+00
1
1
6
52
-3.801477923332862e-01 -5.172520074341317e-01
1.644482569386438e-02 -8.895741242571487e-01
1.009748302888010e+00 6.315532246138859e-01
3.666193581774469e-02 4.794698695125984e-01
1.217204093981414e-16
1.517420497460081e+16
4.267600442749450e-13
6.103515625000000e-06
3.496859135668003e-11
0.000000000000000e+00
1
1
7
52
-1.005250586829793e-01 -1.746107068523897e-01
-6.253835449556952e-02 -9.702988679210102e-02
9.854858331016583e-01 -3.941379874533235e-02
-6.348417493595327e-01 7.187354691276540e-01
1.195655423581160e-14
1.264323413090323e+14
2.366898214107768e-14
6.103515625000000e-06
5.247128496834568e-09
0.000000000000000e+00
1
1
8
52
-1.291799040851786e+00 -7.486657627023350e-01
-1.456877639583672e+00 -8.443375282914699e-01
1.384507311566839e+00 8.023951014058935e-01
-7.928334220847516e-01 -4.594888367850183e-01
1.797053182833958e-13
6.523718677824611e+01
1.499953812923484e-15
2.441406250000000e-05
3.081336282312595e-09
0.000000000000000e+00
1
1
9
52
-1.748955380109104e-01 5.470778403582182e-01
3.173225342475006e-01 5.769334553793844e-02
3.505048369469680e-01 -3.922791608975651e-01
-6.149771230726507e-01 -6.823662926667995e-02
1.986955258188534e-15
1.395204208227050e+15
2.593324099762974e-15
2.441406250000000e-05
2.151493215986224e-09
0.000000000000000e+00
1
1
10
52
5.219421048057362e-01 -4.932572783710338e-01
1.224757091678603e+00 -1.157447050437688e+00
-8.180179914037528e-01 7.730614648317330e-01
-2.885872999722450e-01 2.727271566061588e-01
1.973973245160552e-15
6.122428253293335e+14
2.127311085553498e-13
1.525878906250000e-06
1.815854572557026e-10
0.000000000000000e+00
1
1
11
52
-4.262512531835571e-01 -2.403328694469254e-01
1.647537735701760e-01 -2.199139252667739e-01
4.462268160133377e-01 4.189080188985301e-02
-3.445461980394205e-01 3.989828604341613e-01
1.016945618229152e-15
2.117984785568500e+15
1.668443747263276e-14
2.441406250000000e-05
1.793906159223038e-09
0.000000000000000e+00
1
1
12
52
7.089756572944431e-02 2.410827875560573e-01
7.564227183431623e-01 -3.609943417239592e-01
4.438632001512237e-02 -5.083955846782577e-01
4.779596502033075e-02 -1.324159861564957e-01
1.601968055516711e-16
2.429891304037218e+15
1.638453110588883e-13
1.525878906250000e-06
4.350076507588393e-11
0.000000000000000e+00
1
1
13
52
7.030777290772659e-02 1.522999946292840e-01
3.585777002391038e-02 8.916967068072686e-02
5.007960238998398e-01 -6.507455617087686e-01
-7.937830595579888e-01 8.571060945482764e-02
3.860348721245937e-15
3.024367090043957e+14
4.021694623102854e-14
6.103515625000000e-06
3.281668789132290e-09
0.000000000000000e+00
1
1
14
52
4.184037039031104e-01 5.070328434233828e-01
8.874444750315291e-01 2.064809070656224e-01
-3.742070030559700e-01 -1.160839750199996e+00
-4.669193137910779e-01 -1.564964727329688e-01
3.511026120334470e-16
8.846506343716013e+15
6.824229223673511e-14
6.103515625000000e-06
1.201299132976898e-10
0.000000000000000e+00
1
1
15
52
5.271338246744952e-01 -1.442111359360142e+00
-1.875408775957480e-01 -4.396334127759777e-01
-1.360403735172031e+00 -4.944823342449360e-01
-1.748585329620437e+00 -4.373609660109360e-01
2.775557561562891e-16
9.871597264569882e+15
3.287687581229462e-13
6.103515625000000e-06
1.198555082880248e-11
0.000000000000000e+00
1
1
16
52
-6.024056142138089e-01 3.852533520292246e-02
6.786644187797430e-02 -4.340227512885604e-03
1.595507882108206e-01 -1.020366917394563e-02
-7.195029366437080e-01 4.601399980205612e-02
6.016024814797988e-17
2.561581112552922e+16
4.365239711495665e-12
9.536743164062501e-08
7.008223822426864e-10
0.000000000000000e+00
1
1
17
52
5.179115955920972e-01 -5.081623078055773e-01
-6.233179564498477e-01 6.115844749219311e-01
1.480665163480212e+00 -1.452792779627349e+00
-1.053633181612628e+00 1.033799346656372e+00
1.438141222924853e-14
1.204726496700670e+15
4.340623198490099e-13
1.525878906250000e-06
9.644506504733650e-10
0.000000000000000e+00
1
1
18
52
-1.123779111625228e+00 -6.752112823719461e-01
-3.165071397680704e-01 -1.901701050605907e-01
-1.170399321462447e-01 -7.032225626519163e-02
-4.766891374013805e-01 -2.864138338468356e-01
1.536450924090038e-16
4.554180213419787e+02
1.742712293244766e-15
1.525878906250000e-06
8.071175175917234e-11
0.000000000000000e+00
1
1
19
52
-2.869106747312312e-02 1.137870860235598e-02
2.658802783563401e-02 -1.054465545199153e-02
5.430555406704536e-01 -2.153726332427306e-01
-8.691131779688999e-01 3.446851743638687e-01
8.241943093806777e-17
1.616144534013036e+15
2.667885942153514e-13
3.814697265625000e-07
1.972524801558931e-10
0.000000000000000e+00
1
1
20
52
-5.691253469839165e-01 -1.014862295779538e-01
4.895764106431724e-02 -1.379230058768030e-01
2.496473575149026e-01 -1.413329154024056e-01
-4.650848883123086e-01 -1.596478499502403e-02
2.775557561562891e-17
4.024763975096672e+15
1.103618088549444e-13
1.525878906250000e-06
5.914591144863672e-11
0.000000000000000e+00
1
1
21
52
-8.419003408272625e-01 -2.490587941458525e-01
-9.691843645765602e-02 -2.762004022958847e-01
4.153866358100209e-01 -6.629891686499751e-01
2.263672849748037e-01 -4.660697067029037e-01
2.437669882950261e-16
2.207845872942934e+15
2.565934295575499e-13
6.103515625000000e-06
2.086514088044040e-11
0.000000000000000e+00
1
1
22
52
-5.091953790224862e-01 -7.971180363942255e-01
4.887156227893307e-02 -4.427750705625275e-01
1.441640729390089e+00 -3.553431697910687e-01
8.373665773847379e-01 9.393186882025091e-01
1.570092458683775e-16
8.421549290542305e+15
4.621633896488085e-14
6.103515625000000e-06
3.904686788045300e-12
0.000000000000000e+00
1
1
23
52
-4.407092819945664e-01 -1.057086297653734e-01
1.334967815951229e-01 -1.437453466889616e-01
2.932310217844719e-01 -2.171176552258682e-03
-5.390610367441763e-01 2.087210719429772e-01
1.350215701539420e-15
2.913811753451821e+14
2.020598575203948e-14
1.525878906250000e-06
3.463779044569272e-09
0.000000000000000e+00
1
1
24
52
-7.044906972081287e-01 1.126596207712534e-01
-4.397872042867317e-02 7.032918937246092e-03
5.323348800974977e-01 -8.512908112593340e-02
-5.177660430718399e-01 8.279928506062380e-02
5.721958498152797e-17
3.382044527869802e+03
7.829242677408696e-16
1.525878906250000e-06
1.620524580188280e-10
0.000000000000000e+00
1
1
25
52
-1.664899931786389e-11 2.760932931930582e-11
3.461516672392329e-11 -3.972668670263781e-11
2.514842587647559e-11 -6.948928758798711e-11
-1.412797862991914e+00 1.041410020692472e-01
1.444002291736271e-15
1.217776063526953e+13
4.694903798504507e-16
9.536743164062501e-08
9.818421197887972e-09
0.000000000000000e+00
2
1
26
52
-4.064411801265688e-01 -3.864296092425452e-01
3.504451755302113e-01 -6.343972905680525e-01
8.125439355805142e-01 3.290572608162365e-01
2.860834908568921e-01 6.300679518905237e-01
2.464590221981578e-14
3.075111189354549e+14
3.022569166031717e-14
2.441406250000000e-05
2.271879625538200e-09
0.000000000000000e+00
1
1
27
52
-6.548020879818544e-01 3.727701292586946e-01
-6.346172581798093e-01 3.612791738196758e-01
1.829514437861713e+00 -1.041518263303487e+00
-1.893084658041633e-01 1.077707945084303e-01
2.020636405220133e-16
1.695001157092371e+03
6.271249220625551e-15
2.384185791015625e-08
2.493566143115440e-11
0.000000000000000e+00
1
1
28
52
-5.671516396842220e-01 5.716665248172861e-02
9.798432865102297e-02 -9.876434582300796e-03
1.805563466287065e-01 -1.819936891830090e-02
-6.964070216147062e-01 7.019508612359311e-02
7.046825839122389e-17
4.218183754587620e+15
1.047257325397538e-11
9.536743164062501e-08
7.092272620011185e-10
0.000000000000000e+00
1
1
29
52
-6.343646584093684e-01 5.372540824289851e-02
2.081552206594535e-01 -1.046369580541582e+00
1.040890302220097e+00 -2.978136712921921e-01
1.112909701598191e+00 -6.525292852215886e-01
5.086096858055332e-16
4.992079297026871e+15
3.823290032610245e-13
6.103515625000000e-06
1.552714527344187e-10
0.000000000000000e+00
1
1
30
52
-6.205785974180401e-01 6.183746062048326e-01
5.138436327518238e-01 -6.668484808664025e-01
-1.441899301388581e-01 1.056517677461272e+00
-7.076432097990579e-01 -4.188365354614735e-01
1.570092458683775e-16
9.164749899653862e+15
1.413018756611905e-13
6.103515625000000e-06
7.396700721570680e-12
0.000000000000000e+00
1
1
31
52
-3.986651840439293e-01 -8.790950460432103e-01
3.702161305010532e-01 8.163621487772267e-01
-1.070073138857361e+00 -2.359614114609523e+00
-7.270804008896964e-02 -1.603282162775932e-01
1.942703567855744e-15
5.293588835932417e+01
5.704229390977633e-16
6.103515625000000e-06
1.578874140068312e-10
0.000000000000000e+00
1
1
32
52
-1.337898787161142e+00 -5.001614114905804e-01
1.346205414992596e+00 5.032667694900183e-01
-1.878235314708644e+00 -7.021613556506552e-01
3.958038037591862e-01 1.479676871381846e-01
1.335406165118459e-13
9.453212700707040e+14
4.824277725710768e-13
2.441406250000000e-05
3.671065127842110e-09
0.000000000000000e+00
1
1
33
52
-6.473715743685440e-02 -1.646264339870551e-01
2.555593926351874e-01 6.498869142108822e-01
-9.965364414799313e-01 -2.534189748120883e+00
-4.022167177891202e-01 -1.022836135555931e+00
2.478098792235102e-15
4.736269799808593e+01
7.390119894695787e-16
6.103515625000000e-06
1.343813849357716e-10
0.000000000000000e+00
1
1
34
52
-7.515942410004944e-01 9.717791482268510e-02
3.248984926874696e-01 -4.200798293283299e-02
3.595431625377066e-02 -4.648739029293848e-03
-3.506519821475096e-01 4.533779876785381e-02
2.303492125228108e-15
1.404376895252427e+03
4.577407847176715e-16
6.103515625000000e-06
1.379247637325008e-09
0.000000000000000e+00
1
1
35
52
-7.473556056688105e-01 4.133447072183628e-01
-8.372285629013292e-01 4.630513139704679e-01
2.106797852459318e+00 -1.165220057071152e+00
-1.959315984670059e-01 1.083651324566345e-01
1.688305753616065e-16
1.078946033622245e+16
9.175459427186396e-12
2.384185791015625e-08
3.222528532172593e-11
0.000000000000000e+00
1
1
36
52
2.504769310995507e-01 -1.718723873994036e-01
1.362172365379033e+00 -9.346961233495200e-01
-9.583892947601439e-01 6.576280515151500e-01
-1.890781629713087e-01 1.297417495987253e-01
1.253456554391463e-15
2.783450974086406e+02
3.292646624441991e-16
1.525878906250000e-06
1.810540117144180e-10
0.000000000000000e+00
1
1
37
52
-1.768403237598918e-01 2.157982642246209e-01
8.164140089946240e-02 -2.543283328279559e-01
4.442967306366188e-01 1.817530286784191e-01
-8.657042626097532e-01 5.530873710566563e-02
7.718727701513751e-16
2.788715158021910e+15
2.709704933888575e-13
1.525878906250000e-06
2.255458186445654e-09
0.000000000000000e+00
1
1
38
52
-6.576470546819588e-01 5.210232231646492e-01
7.140898745340930e-01 -5.657402483758829e-01
2.932476268951038e-01 -2.323264776490647e-01
6.724878484473246e-01 -5.327808949239436e-01
1.159415902656520e-14
5.843413637121757e+02
8.096502033175228e-16
6.103515625000000e-06
3.582986822465207e-09
0.000000000000000e+00
1
1
39
52
-1.962784021381819e-01 1.558326565444742e-01
5.635664805701467e-01 -8.262988981968170e-02
4.668200627396460e-01 -3.466197767089659e-01
-2.353863589923517e-02 4.165891330469583e-01
4.850067756809236e-18
1.418751969134082e+16
3.925649386996428e-14
6.103515625000000e-06
4.250316386685121e-12
0.000000000000000e+00
1
1
40
52
-1.621344832241235e-01 8.617366337194957e-02
2.984134771670781e-01 -1.586052640723181e-01
4.216113169788781e-01 -2.240842970642966e-01
-3.940163432780100e-01 2.094177071627010e-01
6.206335383118183e-17
4.410741278451133e+15
9.639326389576686e-13
3.814697265625000e-07
3.082716045271892e-12
0.000000000000000e+00
1
1
41
52
-3.036168952677524e-01 1.686149362481217e-01
1.653796837167167e-02 -6.447062332891272e-01
5.253675633301449e-01 -3.782544867212460e-01
-4.008553767952212e-02 -7.483452424095473e-01
1.347289491009623e-16
7.343360683138206e+15
1.810108452037259e-13
6.103515625000000e-06
2.825875948861193e-11
0.000000000000000e+00
1
1
42
52
-1.405558055499033e+00 2.269291696636100e-01
-7.372987816340639e-01 1.190378438341362e-01
1.701913820086500e+00 -2.747761919335381e-01
-2.736626773993026e-02 4.418319393204274e-03
3.202077421852491e-14
2.618939974479783e+02
3.181921182411737e-15
6.103515625000000e-06
1.798545829275835e-09
0.000000000000000e+00
1
1
43
52
-2.918635648376140e-11 1.381149925330782e-11
5.130067270356901e-11 -1.480408046042152e-11
5.880374832900603e-11 -4.425669726526582e-11
-1.412797862975874e+00 1.041410021602697e-01
2.859901216636047e-16
1.231486836583039e+13
3.179466243226214e-16
9.536743164062501e-08
9.938221489663523e-09
0.000000000000000e+00
2
1
44
52
-1.258026238172796e-01 5.270659611122332e-02
1.429789059273747e-01 -5.990281616089892e-02
4.708074475563437e-01 -1.972507188784950e-01
-6.740925576129612e-01 2.824195799583150e-01
1.144391699630559e-16
5.546916733657327e+16
9.709659947523924e-13
3.814697265625000e-07
9.841981423919674e-10
0.000000000000000e+00
1
1
45
52
-1.716862255707335e-01 8.820955310920454e-02
2.370012207715003e-01 -3.691596352107321e-01
3.914881379553724e-01 -2.174196652494418e-01
-2.997639281230501e-01 -1.158215769534782e-01
9.309503074677274e-17
7.561746297741182e+15
1.349834807592835e-14
6.103515625000000e-06
3.464835601016544e-12
0.000000000000000e+00
1
1
46
52
-1.039548125030931e-01 9.668487199917282e-02
6.666464129074302e-01 -6.200253893848731e-01
1.457955482995765e-01 -1.355995320079459e-01
1.609343829738798e-01 -1.496796525666617e-01
1.497558684434609e-16
1.573969543743940e+03
8.931837294377055e-17
1.525878906250000e-06
3.205075563720797e-11
0.000000000000000e+00
1
1
47
52
-2.426776740429084e-01 -7.528464347735074e-02
1.896560391219348e-01 1.523335142044485e-01
2.464845610295959e-01 -3.610580457928047e-01
-6.857084399692533e-01 3.923214863663066e-01
5.498267560527148e-16
3.121959048870448e+15
1.625584140056808e-13
1.525878906250000e-06
1.726272830119886e-09
0.000000000000000e+00
1
1
48
52
-2.987424286394299e-02 1.879760408140530e-02
2.252142894678042e+00 -1.417103377706158e+00
-1.977175027715359e+00 1.244086872423895e+00
4.378144579658627e-01 -2.754835621923135e-01
2.179489085008884e-16
1.762686196622775e+02
6.053054880798048e-16
1.525878906250000e-06
8.373836419665667e-12
0.000000000000000e+00
1
1
49
52
3.035115864747595e-01 -1.901866282944654e-01
-2.051320362295064e-01 1.285399703477624e-01
9.236470763044695e-01 -5.787763334398910e-01
-1.001965922789233e+00 6.278525401107913e-01
1.570092458683775e-16
1.191377140063519e+03
1.436646480261806e-15
3.814697265625000e-07
1.531811543831548e-10
0.000000000000000e+00
1
1
50
52
-1.017864949167855e+00 4.668019725440402e-01
7.537056933017382e-01 -3.456561743651375e-01
1.522715343975293e-01 -6.983308805008301e-02
6.542077017198503e-01 -3.000255052153602e-01
9.453191651305265e-14
5.340452241808969e+02
8.064930434574170e-16
6.103515625000000e-06
4.501362038378359e-09
0.000000000000000e+00
1
1
51
52
-1.986902839064519e+00 -3.281052868760662e+00
6.679076151104159e+00 1.102942808042342e+01
-8.352149143241624e+00 -1.379224105374585e+01
4.215285431685439e+00 6.960871003027154e+00
1.551950423119499e-13
2.627430035458277e+03
8.844483324931654e-14
3.814697265625000e-07
3.563868036161339e-11
0.000000000000000e+00
1
1
52
52
-5.169798844715516e-01 7.416459030024575e-02
4.011870888830192e-01 -5.755325685681524e-02
-1.336563708337698e-01 1.917399551063698e-02
-5.605844367565520e-01 8.041998601793195e-02
4.949024431726499e-16
1.756071607393146e+15
1.420001634089538e-13
6.103515625000000e-06
2.836873539036778e-09
0.000000000000000e+00
1
1
53
52
-4.841370758612205e+00 3.145639059607024e-01
-6.836625806242787e+00 4.442038886131106e-01
1.058056803583578e+01 -6.874633186743556e-01
1.061065390287674e+00 -6.894181220184691e-02
2.038859563436604e-13
9.557281004216560e+15
1.536161270988616e-11
1.525878906250000e-06
3.984803712499323e-10
0.000000000000000e+00
1
1
54
52
-5.015642290892470e-01 -2.846156201039364e-01
4.422356834936966e-01 3.339592319640774e-01
-2.753503814019442e-01 -6.456563258765277e-01
-3.763872729414640e-01 3.890167107664609e-01
5.551115123125783e-17
1.622812110600751e+16
1.414821731838814e-13
6.103515625000000e-06
3.589206774113671e-12
0.000000000000000e+00
1
1
55
52
2.337925561786404e-01 4.680538496359341e-01
6.450350746431207e-01 -5.938477798474112e-01
-2.365222162757149e-01 -8.577276060989438e-01
-1.848049749965972e-02 -1.060061083978374e+00
2.774047738200675e-16
1.209882469135532e+16
1.245947032889034e-13
6.103515625000000e-06
1.752619528225108e-11
0.000000000000000e+00
1
1
56
52
-1.595214739221934e-01 7.910975540482439e-02
2.610714835020040e-01 -1.294703508964530e-01
4.302747090808187e-01 -2.133814724408424e-01
-4.659679692425490e-01 2.310824440341793e-01
6.206335383118183e-17
7.464606684401315e+15
1.081919686702020e-11
5.960464477539063e-09
7.179462442288659e-11
0.000000000000000e+00
1
1
57
52
-1.879934605657242e-01 1.792127596098252e-01
1.116562527969629e-01 -1.064410705099428e-01
8.743766279397959e-01 -8.335366983507135e-01
3.485767943709302e-02 -3.322956504297411e-02
1.040804674338637e-14
6.317663203830570e+02
7.948854890257363e-17
6.103515625000000e-06
6.673816110714782e-09
0.000000000000000e+00
1
1
58
52
2.300991939183620e-01 4.106441918175162e-01
5.885992642074838e-01 -1.536025394331004e-01
-9.929772423558859e-02 -7.290654405596543e-01
-4.532008075356059e-01 -3.632274834205200e-01
9.491021928949206e-15
6.992633882282482e+14
1.556270764694186e-14
2.441406250000000e-05
1.406744462813639e-09
0.000000000000000e+00
1
1
59
52
-1.696417369258722e-01 6.874594546259161e-01
1.259734709696193e+00 -3.768241723155974e-01
4.637240100055559e-01 -1.235741326221795e+00
1.493899433995270e+00 -3.207528656272646e-01
1.056784443624553e-15
5.917918209061161e+15
8.301661179908704e-13
6.103515625000000e-06
1.247277346890042e-10
0.000000000000000e+00
1
1
60
52
-7.881435335942750e-01 3.859389310990371e-01
1.290838026184361e-01 1.808190313902989e-01
4.233857053599873e-01 1.019279992515154e-01
-6.720509033865009e-01 2.176550299724283e-01
6.241659749369457e-17
8.269161530170181e+15
1.338499908442519e-13
1.525878906250000e-06
8.834539811986195e-11
0.000000000000000e+00
1
1
61
52
-4.042722124786249e-01 3.540276661974555e-01
2.194035405586209e-01 7.724716572843024e-02
3.089778233323386e-01 -1.594532461405475e-01
-6.809282241883162e-01 7.824296671993794e-02
2.373178324920346e-15
2.109058795879117e+14
1.811862146454671e-13
1.525878906250000e-06
3.416890229394487e-09
0.000000000000000e+00
1
1
62
52
6.614744595296628e-01 2.170774763448808e-01
3.067041337005163e-01 -1.158964152465952e-01
-1.059156484453874e-02 -1.092784641832154e+00
-8.229245595384556e-01 -4.249962189454596e-01
1.459519317259754e-14
5.428306288652675e+14
2.353576452464457e-14
2.441406250000000e-05
1.853674377438669e-09
0.000000000000000e+00
1
1
63
52
7.986459680213298e+00 -2.886816017314558e+00
7.776752212273375e-01 -2.722367609740241e+00
-4.390380517373228e+00 -6.163739454721456e+00
-2.452545481511814e+00 -4.370581716699062e+00
4.139568940561738e-14
5.679826824275814e+15
3.987274117694644e-11
1.525878906250000e-06
7.476295284083582e-11
0.000000000000000e+00
1
1
-1

2 0
1 4
-3095625094845790414838922608863482283288929800342649868995312413869355295685216842410494088166165093418818213475255597676146533113309981379295105201504834464439119830864351785802296936221509701112925474542955594839229011555439612273462964190933831866421038305700948974163197265135998928659154427089068744242803/5000000000000000000000000000000000000000000000000000000000000000000000000000000000000000000000000000000000000000000000000000000000000000000000000000000000000000000000000000000000000000000000000000000000000000000000000000000000000000000000000000000000000000000000000000000000000000000000000000000000000000000000 427085458435493817899131830186051148934551723236532828148113098764836249405116312195512327491767388077427751753331638254180170175271165370956785309384451185914805580573046162246620602027371043258793766765692040214101136984402687649467427376405663996357854329412939766896759525952690330854439472748890720463597/2500000000000000000000000000000000000000000000000000000000000000000000000000000000000000000000000000000000000000000000000000000000000000000000000000000000000000000000000000000000000000000000000000000000000000000000000000000000000000000000000000000000000000000000000000000000000000000000000000000000000000000000
7917568541110577465197382303078170328566951134576474748991277610833640234450371826885247425560548510179257159000055540304592393918253189891856760929909382100995997776801684180954191111720385353970422658431638380004878968279687570072212364695680838887935774092092157593038483294405467461437963071264960478890583/10000000000000000000000000000000000000000000000000000000000000000000000000000000000000000000000000000000000000000000000000000000000000000000000000000000000000000000000000000000000000000000000000000000000000000000000000000000000000000000000000000000000000000000000000000000000000000000000000000000000000000000000 672604139524733740999127126580660926187117538286428555257970859403307305072692120256760785694512799261495695496344951894291692058863249551620869883646484309122699779060976944114349830370647114148376609683909547235804515819722246526612509731481587369434875097437065733324517668510728454523426762401403402951847/1000000000000000000000000000000000000000000000000000000000000000000000000000000000000000000000000000000000000000000000000000000000000000000000000000000000000000000000000000000000000000000000000000000000000000000000000000000000000000000000000000000000000000000000000000000000000000000000000000000000000000000000
1965068077472816849962449115406002414162681354784118098087345610287575552272468920978435167555264115569809875444251564796810598709736517449786382959324191323129883147070285395884941697417550713569887836516588606275567978637795463694128954978455140210123417741903000068690049890970164544839179446382169475084461/5000000000000000000000000000000000000000000000000000000000000000000000000000000000000000000000000000000000000000000000000000000000000000000000000000000000000000000000000000000000000000000000000000000000000000000000000000000000000000000000000000000000000000000000000000000000000000000000000000000000000000000000 2620453469011844146986097379728327821994511353661208025431778918928804248234602594888185431160885285717003972258889736075621871472600788818945627933485580026361788601102085861902867162257786483811402606513495926109483598754736887211446480899017393648282596547100814550805502632814884988610104343460024288076149/5000000000000000000000000000000000000000000000000000000000000000000000000000000000000000000000000000000000000000000000000000000000000000000000000000000000000000000000000000000000000000000000000000000000000000000000000000000000000000000000000000000000000000000000000000000000000000000000000000000000000000000000
-7039901762363576907656101842844010159481943176638018159707030760893388647174187946381394455029057051682470384583845734532915680243035465572968548535317658785149905293031318663105207563513775121537048816797916416287652191557223794335854664987463879204352374079482652096462089332515011363727627462454428114462727/10000000000000000000000000000000000000000000000000000000000000000000000000000000000000000000000000000000000000000000000000000000000000000000000000000000000000000000000000000000000000000000000000000000000000000000000000000000000000000000000000000000000000000000000000000000000000000000000000000000000000000000000 -12973236363611969420609038680357511654231188732331958982591096106022901396534456163040057868753377522039263417374267579421638250637933710379044230021108666861919694568899495479574265594177981879235974601942140136849175591940737392368540614049075276068729060802214412440217091475695007817097674585863180083707/250000000000000000000000000000000000000000000000000000000000000000000000000000000000000000000000000000000000000000000000000000000000000000000000000000000000000000000000000000000000000000000000000000000000000000000000000000000000000000000000000000000000000000000000000000000000000000000000000000000000000000000

0
4844548030915886725375898308425384564168573306552509318471008591143682526847875405983010885447366675906909745148102205623753076253253174304586326606922370025869077287586711969893724954729387337718042129649397620842250456167856880469600531460724519416553588567235670719249789229524620729088803203770957044243201/5000000000000000000000000000000000000000000000000000000000000000000000000000000000000000000000000000000000000000000000000000000000000000000000000000000000000000000000000000000000000000000000000000000000000000000000000000000000000000000000000000000000000000000000000000000000000000000000000000000000000000000000 -5506876700749631973682278944802388964950047528344552039809449041550681449601910859158279741643971311693922784963103912681537263622343562935701109902767817713906660729789851997862096904734583687632756595808740556886391742058897422799990341378652425587956011362343179356523189851568525577767440165686376072091827/100000000000000000000000000000000000000000000000000000000000000000000000000000000000000000000000000000000000000000000000000000000000000000000000000000000000000000000000000000000000000000000000000000000000000000000000000000000000000000000000000000000000000000000000000000000000000000000000000000000000000000000000
4 4
1 0
0 0
0 0
0 0
0 0
1 0
0 0
0 0
0 0
0 0
1 0
0 0
0 0
0 0
0 0
1 0

4 0

3 0

