64

-7.905243334942832e-02 -7.517759161641989e-01;
-7.905243334942832e-02 -7.517759161641989e-01;
-7.905243334942832e-02 -7.517759161641989e-01;
-7.905243334942832e-02 -7.517759161641989e-01;

7.515947404544270e-01 -8.075810439279341e-01;
7.515947404544270e-01 -8.075810439279341e-01;
7.515947404544270e-01 -8.075810439279341e-01;
8.075810439279341e-01 7.515947404544270e-01;

3.500769179206532e-01 -3.913775379510088e-01;
3.500769179206532e-01 -3.913775379510088e-01;
3.500769179206532e-01 -3.913775379510088e-01;
-3.500769179206531e-01 3.913775379510088e-01;

1.127853917101450e-01 -4.547658673270759e-01;
1.127853917101450e-01 -4.547658673270759e-01;
1.127853917101450e-01 -4.547658673270759e-01;
-4.547658673270759e-01 -1.127853917101450e-01;

-4.193027487806760e-01 -4.705948135911314e-01;
-4.193027487806760e-01 -4.705948135911314e-01;
4.705948135911314e-01 -4.193027487806760e-01;
-4.193027487806760e-01 -4.705948135911314e-01;

-8.025765251984308e-01 -1.426535169838271e+00;
-8.025765251984308e-01 -1.426535169838271e+00;
1.426535169838271e+00 -8.025765251984309e-01;
1.426535169838271e+00 -8.025765251984309e-01;

1.975949609304022e-01 -7.221215372844629e-01;
1.975949609304022e-01 -7.221215372844629e-01;
7.221215372844629e-01 1.975949609304022e-01;
-1.975949609304022e-01 7.221215372844629e-01;

-1.026860881028477e-01 -4.940015339179889e-01;
-1.026860881028477e-01 -4.940015339179889e-01;
4.940015339179889e-01 -1.026860881028477e-01;
-4.940015339179889e-01 1.026860881028478e-01;

-9.982466812172985e-01 -2.888293488553613e-01;
-9.982466812172985e-01 -2.888293488553613e-01;
9.982466812172985e-01 2.888293488553612e-01;
-9.982466812172985e-01 -2.888293488553613e-01;

-9.554859140099929e-01 2.181275310871596e+00;
-9.554859140099929e-01 2.181275310871596e+00;
9.554859140099927e-01 -2.181275310871596e+00;
-2.181275310871596e+00 -9.554859140099928e-01;

1.301083565586498e+00 -9.987730042291737e-01;
1.301083565586498e+00 -9.987730042291737e-01;
-1.301083565586498e+00 9.987730042291738e-01;
-1.301083565586498e+00 9.987730042291738e-01;

-2.428089405876644e-01 -9.125913822505153e-01;
-2.428089405876644e-01 -9.125913822505153e-01;
2.428089405876646e-01 9.125913822505153e-01;
-9.125913822505153e-01 2.428089405876646e-01;

-4.574288600033255e-02 -2.508376125273666e+00;
-4.574288600033255e-02 -2.508376125273666e+00;
-2.508376125273666e+00 4.574288600033301e-02;
-4.574288600033255e-02 -2.508376125273666e+00;

1.198320503222905e+00 4.058862134191854e-01;
1.198320503222905e+00 4.058862134191854e-01;
4.058862134191852e-01 -1.198320503222905e+00;
-4.058862134191853e-01 1.198320503222905e+00;

6.325703918922186e-01 -2.268497125413776e-01;
6.325703918922186e-01 -2.268497125413776e-01;
-2.268497125413778e-01 -6.325703918922186e-01;
-6.325703918922186e-01 2.268497125413777e-01;

3.687946007479836e-01 -6.602395222094091e-01;
3.687946007479836e-01 -6.602395222094091e-01;
-6.602395222094092e-01 -3.687946007479835e-01;
-6.602395222094092e-01 -3.687946007479835e-01;

-3.463598845766906e-01 -3.100714449874808e-01;
3.100714449874808e-01 -3.463598845766906e-01;
-3.463598845766906e-01 -3.100714449874808e-01;
-3.463598845766906e-01 -3.100714449874808e-01;

-6.368453869492782e-01 -5.886162080271347e-01;
5.886162080271347e-01 -6.368453869492782e-01;
-6.368453869492782e-01 -5.886162080271347e-01;
5.886162080271347e-01 -6.368453869492782e-01;

-8.096251196772157e-02 -6.397054104953478e-01;
6.397054104953478e-01 -8.096251196772161e-02;
-8.096251196772157e-02 -6.397054104953478e-01;
8.096251196772165e-02 6.397054104953478e-01;

-1.666944612786753e-01 -3.841464471425188e-01;
3.841464471425188e-01 -1.666944612786754e-01;
-1.666944612786753e-01 -3.841464471425188e-01;
-3.841464471425187e-01 1.666944612786754e-01;

-3.130546149185301e-01 -1.619697365843908e-01;
1.619697365843908e-01 -3.130546149185301e-01;
1.619697365843908e-01 -3.130546149185301e-01;
-3.130546149185301e-01 -1.619697365843908e-01;

-4.988425263402723e-01 -1.842780505914428e-01;
1.842780505914428e-01 -4.988425263402723e-01;
1.842780505914428e-01 -4.988425263402723e-01;
1.842780505914428e-01 -4.988425263402723e-01;

-3.455876506414267e-01 -4.374894813476282e-01;
4.374894813476282e-01 -3.455876506414267e-01;
4.374894813476282e-01 -3.455876506414267e-01;
3.455876506414268e-01 4.374894813476282e-01;

-2.416099190848013e-01 -2.664320449234374e-01;
2.664320449234374e-01 -2.416099190848013e-01;
2.664320449234374e-01 -2.416099190848013e-01;
-2.664320449234373e-01 2.416099190848014e-01;

-4.079461553307874e-01 -6.602454314321198e-02;
6.602454314321195e-02 -4.079461553307874e-01;
4.079461553307874e-01 6.602454314321192e-02;
-4.079461553307874e-01 -6.602454314321198e-02;

-5.966528025639682e-01 9.701152541840630e-02;
-9.701152541840634e-02 -5.966528025639682e-01;
5.966528025639682e-01 -9.701152541840637e-02;
-9.701152541840634e-02 -5.966528025639682e-01;

-8.156888033014690e-01 -4.078585323967835e-01;
4.078585323967835e-01 -8.156888033014690e-01;
8.156888033014690e-01 4.078585323967834e-01;
8.156888033014690e-01 4.078585323967834e-01;

-4.018884702507540e-01 -2.643926772815809e-01;
2.643926772815809e-01 -4.018884702507540e-01;
4.018884702507540e-01 2.643926772815809e-01;
-2.643926772815809e-01 4.018884702507540e-01;

-6.046907393852634e-01 -2.127160345884538e-01;
2.127160345884538e-01 -6.046907393852634e-01;
-2.127160345884537e-01 6.046907393852634e-01;
-6.046907393852634e-01 -2.127160345884538e-01;

-1.349550548379387e+00 2.534375714915771e-01;
-2.534375714915771e-01 -1.349550548379387e+00;
2.534375714915773e-01 1.349550548379387e+00;
-2.534375714915771e-01 -1.349550548379387e+00;

-1.630851071710929e-01 -1.592384711960368e+00;
1.592384711960368e+00 -1.630851071710930e-01;
-1.592384711960368e+00 1.630851071710932e-01;
1.630851071710931e-01 1.592384711960368e+00;

-3.573113050653247e-01 -5.552686510580053e-01;
5.552686510580053e-01 -3.573113050653248e-01;
-5.552686510580052e-01 3.573113050653248e-01;
-5.552686510580052e-01 3.573113050653248e-01;

-5.805965815176297e-01 9.971506612199310e-03;
5.805965815176297e-01 -9.971506612199381e-03;
-5.805965815176297e-01 9.971506612199310e-03;
-5.805965815176297e-01 9.971506612199310e-03;

-6.910774633735258e-01 4.876795302738162e-01;
6.910774633735257e-01 -4.876795302738163e-01;
-6.910774633735258e-01 4.876795302738162e-01;
-4.876795302738162e-01 -6.910774633735258e-01;

-3.017271642258868e+00 -7.134070672968614e-01;
3.017271642258868e+00 7.134070672968611e-01;
-3.017271642258868e+00 -7.134070672968614e-01;
3.017271642258868e+00 7.134070672968611e-01;

-6.398412569932621e-01 -4.344181549952175e-01;
6.398412569932621e-01 4.344181549952175e-01;
-6.398412569932621e-01 -4.344181549952175e-01;
-4.344181549952174e-01 6.398412569932622e-01;

-3.775376547947493e-01 2.298295225301148e-02;
3.775376547947493e-01 -2.298295225301152e-02;
-2.298295225301150e-02 -3.775376547947493e-01;
-3.775376547947493e-01 2.298295225301148e-02;

-4.476546145595657e-01 1.932099549131839e-01;
4.476546145595657e-01 -1.932099549131840e-01;
-1.932099549131839e-01 -4.476546145595657e-01;
-1.932099549131839e-01 -4.476546145595657e-01;

-8.106295516150146e-01 3.744582286942459e-02;
8.106295516150146e-01 -3.744582286942469e-02;
-3.744582286942464e-02 -8.106295516150146e-01;
8.106295516150146e-01 -3.744582286942469e-02;

-4.618536032625294e-01 -1.383641167656161e-01;
4.618536032625294e-01 1.383641167656161e-01;
1.383641167656161e-01 -4.618536032625294e-01;
-1.383641167656160e-01 4.618536032625294e-01;

-3.365818123777864e-01 1.446446556670279e-01;
3.365818123777864e-01 -1.446446556670279e-01;
3.365818123777864e-01 -1.446446556670279e-01;
-3.365818123777864e-01 1.446446556670279e-01;

-2.890188670717380e-01 2.853646120272739e-01;
2.890188670717380e-01 -2.853646120272739e-01;
2.890188670717380e-01 -2.853646120272739e-01;
-2.853646120272739e-01 -2.890188670717380e-01;

-5.095917687540396e-01 4.512442295505247e-01;
5.095917687540396e-01 -4.512442295505248e-01;
5.095917687540396e-01 -4.512442295505248e-01;
5.095917687540396e-01 -4.512442295505248e-01;

-5.231181369662781e-01 9.073032220029541e-02;
5.231181369662781e-01 -9.073032220029548e-02;
5.231181369662781e-01 -9.073032220029548e-02;
9.073032220029550e-02 5.231181369662781e-01;

-4.642202135988362e-01 2.762581881247287e-01;
4.642202135988361e-01 -2.762581881247287e-01;
2.762581881247288e-01 4.642202135988361e-01;
-4.642202135988362e-01 2.762581881247287e-01;

-2.566443939804344e-01 4.914566865926031e-01;
2.566443939804343e-01 -4.914566865926031e-01;
4.914566865926031e-01 2.566443939804343e-01;
-4.914566865926031e-01 -2.566443939804343e-01;

-2.457396393275896e-01 1.133099025860842e+00;
2.457396393275895e-01 -1.133099025860842e+00;
1.133099025860842e+00 2.457396393275894e-01;
2.457396393275895e-01 -1.133099025860842e+00;

-1.023055506461430e+00 2.079424042939399e-01;
1.023055506461430e+00 -2.079424042939401e-01;
2.079424042939401e-01 1.023055506461430e+00;
2.079424042939401e-01 1.023055506461430e+00;

-2.912075233768988e+00 1.681951334428157e+00;
1.681951334428157e+00 2.912075233768987e+00;
-2.912075233768988e+00 1.681951334428157e+00;
-2.912075233768988e+00 1.681951334428157e+00;

5.601699583837769e-01 9.000991177359753e-01;
9.000991177359752e-01 -5.601699583837770e-01;
5.601699583837769e-01 9.000991177359753e-01;
-9.000991177359753e-01 5.601699583837769e-01;

8.678760464580915e-01 3.390012016349167e-02;
3.390012016349151e-02 -8.678760464580915e-01;
8.678760464580915e-01 3.390012016349167e-02;
-8.678760464580915e-01 -3.390012016349157e-02;

7.525502719928581e-01 -1.157925267364049e+00;
-1.157925267364049e+00 -7.525502719928578e-01;
7.525502719928581e-01 -1.157925267364049e+00;
-1.157925267364049e+00 -7.525502719928578e-01;

-8.056372616567740e-01 1.919109330005691e-01;
1.919109330005692e-01 8.056372616567740e-01;
-1.919109330005692e-01 -8.056372616567740e-01;
-8.056372616567740e-01 1.919109330005691e-01;

-4.011631403098614e-01 8.928277782227624e-01;
8.928277782227625e-01 4.011631403098613e-01;
-8.928277782227624e-01 -4.011631403098614e-01;
-8.928277782227624e-01 -4.011631403098614e-01;

2.731259595338309e+00 2.059939011691148e+00;
2.059939011691148e+00 -2.731259595338309e+00;
-2.059939011691148e+00 2.731259595338309e+00;
-2.731259595338309e+00 -2.059939011691148e+00;

-1.045711324934944e+00 -9.528021327904932e-01;
-9.528021327904930e-01 1.045711324934944e+00;
9.528021327904931e-01 -1.045711324934944e+00;
-9.528021327904930e-01 1.045711324934944e+00;

-4.138460818931958e-01 4.746749171020738e-01;
4.746749171020739e-01 4.138460818931957e-01;
4.138460818931957e-01 -4.746749171020739e-01;
-4.138460818931958e-01 4.746749171020738e-01;

-8.214687933457315e-02 5.280526093169801e-01;
5.280526093169801e-01 8.214687933457306e-02;
8.214687933457308e-02 -5.280526093169801e-01;
-5.280526093169801e-01 -8.214687933457313e-02;

2.744932200408641e-01 8.232939123321765e-01;
8.232939123321765e-01 -2.744932200408642e-01;
-2.744932200408642e-01 -8.232939123321765e-01;
-2.744932200408642e-01 -8.232939123321765e-01;

-1.125707285064004e+00 1.268339837022378e+00;
1.268339837022378e+00 1.125707285064004e+00;
1.125707285064004e+00 -1.268339837022378e+00;
1.268339837022378e+00 1.125707285064004e+00;

-1.097423686664154e-01 9.252198201394755e-01;
9.252198201394755e-01 1.097423686664152e-01;
9.252198201394755e-01 1.097423686664152e-01;
-1.097423686664154e-01 9.252198201394755e-01;

1.880399573096403e-01 5.131976651959886e-01;
5.131976651959886e-01 -1.880399573096403e-01;
5.131976651959886e-01 -1.880399573096403e-01;
-5.131976651959886e-01 1.880399573096403e-01;

4.990647271957935e-01 3.746386442610016e-01;
3.746386442610015e-01 -4.990647271957936e-01;
3.746386442610015e-01 -4.990647271957936e-01;
-4.990647271957936e-01 -3.746386442610016e-01;

1.411581553915420e+00 8.322873564695382e-01;
8.322873564695380e-01 -1.411581553915420e+00;
8.322873564695380e-01 -1.411581553915420e+00;
8.322873564695380e-01 -1.411581553915420e+00;

